The optimal value is 372479.5529
Service ways: {32, 9, 42, 52, 21}
Inverters: 230 1325 1215 1575 1565 1043 636 1032 407 141 916 602 567 1545 196 1002
Cable routing:
{97: [46, 47, 69, 70, 96, 97, 128, 160], 126: [45, 67, 68, 94, 95, 126, 158, 192], 187: [89, 90, 120, 121, 153, 187, 222, 257], 195: [129, 161, 194, 195], 223: [91, 122, 154, 188, 223, 258, 294, 295], 224: [65, 92, 123, 155, 189, 224, 259, 296], 225: [66, 93, 124, 156, 190, 225, 260, 297], 226: [125, 157, 191, 226, 261, 262, 298, 336], 228: [127, 159, 193, 227, 228, 229, 263, 300], 302: [264, 265, 301, 302, 340, 379, 419, 460], 372: [332, 333, 371, 372, 411, 412, 452, 453], 374: [334, 335, 373, 374, 413, 414, 454, 455], 376: [299, 337, 375, 376, 415, 416, 456, 457], 378: [338, 339, 377, 378, 417, 418, 458, 459]}
{1173: [1122, 1123, 1124, 1125, 1173, 1175, 1224, 1275], 1220: [1117, 1118, 1119, 1168, 1169, 1219, 1220, 1271], 1222: [1120, 1121, 1170, 1171, 1221, 1222, 1272, 1273], 1324: [1172, 1223, 1274, 1322, 1323, 1324, 1373, 1374], 1326: [1174, 1225, 1276, 1326, 1376, 1425, 1471, 1514], 1327: [1226, 1277, 1327, 1377, 1426, 1472, 1515, 1555], 1328: [1126, 1176, 1227, 1278, 1328, 1378, 1427, 1473], 1329: [1127, 1177, 1228, 1279, 1329, 1379, 1428, 1474], 1330: [1128, 1178, 1229, 1280, 1330, 1380, 1429, 1475], 1375: [1375, 1423, 1424, 1470], 1381: [1331, 1332, 1381, 1382, 1430, 1431, 1476, 1477], 1518: [1517, 1518, 1519, 1520, 1558, 1595, 1631, 1664], 1556: [1516, 1556, 1557, 1593, 1594, 1629, 1630, 1663], 1596: [1559, 1560, 1596, 1597, 1632, 1633, 1665, 1666]}
{856: [710, 757, 758, 806, 807, 855, 856, 906], 958: [857, 905, 907, 956, 957, 958, 1010, 1062], 1114: [959, 1011, 1012, 1063, 1113, 1114, 1164, 1165], 1210: [954, 1006, 1058, 1109, 1160, 1210, 1261, 1312], 1211: [955, 1007, 1059, 1110, 1161, 1211, 1262, 1313], 1212: [1008, 1060, 1111, 1162, 1212, 1263, 1314, 1364], 1213: [1009, 1061, 1112, 1163, 1213, 1214, 1264, 1315], 1216: [1064, 1115, 1166, 1216, 1267, 1318], 1217: [1116, 1167, 1217, 1218, 1268, 1269, 1319, 1369], 1317: [1266, 1317, 1367, 1417, 1466, 1512], 1321: [1270, 1320, 1321, 1370, 1371, 1372, 1421, 1422], 1366: [1265, 1316, 1365, 1366, 1416, 1465, 1511, 1554], 1418: [1368, 1418, 1419, 1420, 1467, 1468, 1469, 1513], 1464: [1414, 1415, 1463, 1464, 1509, 1510, 1552, 1553]}
{1399: [1349, 1350, 1351, 1399, 1400, 1401, 1448, 1494], 1445: [1345, 1346, 1395, 1396, 1444, 1445, 1490, 1491], 1446: [1347, 1348, 1397, 1398, 1446, 1447, 1492, 1535], 1571: [1343, 1393, 1442, 1488, 1531, 1571, 1608, 1644], 1572: [1344, 1394, 1443, 1489, 1532, 1572, 1609, 1645], 1574: [1533, 1534, 1573, 1574, 1610, 1611, 1647, 1680], 1576: [1493, 1536, 1576, 1577, 1613, 1614, 1649, 1682], 1578: [1449, 1495, 1537, 1538, 1578, 1615, 1651, 1684], 1579: [1450, 1496, 1539, 1579, 1616, 1617, 1652, 1653], 1612: [1612, 1648, 1681, 1708], 1679: [1646, 1678, 1679, 1705, 1706, 1724, 1725, 1736], 1710: [1650, 1683, 1710, 1711, 1729, 1730, 1740, 1741], 1712: [1685, 1686, 1712, 1713, 1731, 1732, 1742, 1743], 1727: [1707, 1709, 1726, 1727, 1728, 1737, 1738, 1739]}
{1385: [1333, 1334, 1335, 1336, 1383, 1384, 1385, 1386], 1391: [1291, 1292, 1341, 1342, 1391, 1392, 1440, 1486], 1436: [1337, 1338, 1387, 1388, 1436, 1437, 1482, 1525], 1438: [1339, 1340, 1389, 1390, 1438, 1439, 1484, 1527], 1561: [1432, 1478, 1521, 1561, 1598, 1634, 1667, 1694], 1562: [1433, 1479, 1522, 1562, 1599, 1635, 1668, 1695], 1563: [1434, 1480, 1523, 1563, 1600, 1636, 1669, 1696], 1564: [1435, 1481, 1524, 1564, 1601, 1637, 1670, 1697], 1566: [1483, 1526, 1566, 1567, 1603, 1639, 1672, 1699], 1568: [1485, 1528, 1529, 1568, 1569, 1605, 1606, 1641], 1570: [1441, 1487, 1530, 1570, 1607, 1643, 1676, 1677], 1602: [1602, 1638, 1671, 1698], 1673: [1604, 1640, 1673, 1674, 1700, 1701, 1719, 1720], 1702: [1642, 1675, 1702, 1703, 1704, 1721, 1722, 1723]}
{991: [838, 888, 939, 991], 1038: [833, 883, 934, 986, 1038, 1089, 1140, 1190], 1039: [834, 884, 935, 987, 1039, 1090, 1141, 1191], 1040: [835, 885, 936, 988, 1040, 1091, 1142], 1041: [836, 886, 937, 989, 1041, 1092, 1143, 1193], 1042: [837, 887, 938, 990, 1042, 1093, 1144, 1194], 1044: [839, 889, 940, 992, 1044, 1095, 1146, 1196], 1045: [840, 890, 941, 993, 1045, 1096, 1147, 1197], 1046: [841, 891, 942, 994, 1046, 1097, 1148, 1198], 1047: [842, 892, 943, 995, 1047, 1098, 1149, 1199], 1048: [843, 893, 944, 996, 1048, 1099, 1150, 1200], 1094: [1094, 1145], 1243: [1192, 1241, 1242, 1243, 1244, 1293, 1294, 1295], 1246: [1195, 1245, 1246, 1247, 1296, 1297, 1298], 1249: [1248, 1249, 1250, 1251, 1299, 1300, 1301, 1302]}
{540: [494, 495, 496, 538, 539, 540, 584, 630], 590: [502, 503, 546, 590], 593: [505, 506, 549, 550, 593, 594, 639, 640], 595: [507, 508, 551, 552, 595, 596, 641, 642], 629: [582, 583, 628, 629, 674, 675, 721, 722], 631: [541, 585, 631, 676, 677, 723, 724, 773], 632: [497, 498, 542, 586, 632, 678, 725, 774], 633: [499, 543, 587, 633, 679, 726, 775], 634: [500, 544, 588, 634, 680, 727, 776], 635: [501, 545, 589, 635, 681, 728, 777], 637: [504, 547, 548, 591, 637, 683, 730, 779], 643: [509, 553, 597, 643, 688, 689, 736, 785], 682: [682, 729, 778], 684: [592, 638, 684, 685, 731, 732, 780, 781], 733: [686, 687, 733, 734, 735, 782, 783, 784]}
{980: [827, 877, 928, 980], 1027: [822, 872, 923, 975, 1027, 1078, 1129, 1179], 1028: [823, 873, 924, 976, 1028, 1079, 1130, 1180], 1029: [824, 874, 925, 977, 1029, 1080, 1131, 1181], 1030: [825, 875, 926, 978, 1030, 1081, 1132, 1182], 1031: [826, 876, 927, 979, 1031, 1082, 1133, 1183], 1033: [828, 878, 929, 981, 1033, 1084, 1135, 1185], 1034: [829, 879, 930, 982, 1034, 1085, 1136, 1186], 1035: [830, 880, 931, 983, 1035, 1086, 1137], 1036: [831, 881, 932, 984, 1036, 1087, 1138, 1188], 1037: [832, 882, 933, 985, 1037, 1088, 1139, 1189], 1083: [1083, 1134], 1232: [1230, 1231, 1232, 1233, 1281, 1282, 1283, 1284], 1235: [1184, 1234, 1235, 1236, 1285, 1286, 1287], 1238: [1187, 1237, 1238, 1239, 1240, 1288, 1289, 1290]}
{183: [117, 118, 149, 150, 183, 184, 218, 219], 220: [119, 151, 152, 185, 186, 220, 221, 255], 252: [148, 181, 182, 216, 217, 251, 252, 289], 367: [253, 290, 328, 367], 404: [287, 325, 364, 403, 404, 444, 445, 487], 405: [288, 326, 365, 405, 446, 488, 532, 576], 406: [327, 366, 406, 447, 489, 533, 577], 408: [254, 291, 329, 368, 408, 449, 491, 535], 409: [292, 330, 369, 409, 450, 492], 410: [256, 293, 331, 370, 410, 451, 493, 537], 448: [448, 490, 534], 531: [486, 530, 531, 574, 575, 621, 622, 667], 580: [536, 579, 580, 581, 626, 627, 672, 673], 619: [529, 573, 618, 619, 620, 664, 665, 666], 624: [578, 623, 624, 625, 668, 669, 670, 671]}
{24: [3, 4, 11, 12, 23, 24, 39, 40], 25: [1, 5, 6, 13, 14, 25, 26, 41], 38: [2, 9, 10, 21, 22, 37, 38, 57], 43: [15, 27, 28, 42, 43, 44, 62, 85], 110: [60, 83, 110], 137: [56, 79, 106, 137, 169, 203, 238, 273], 138: [80, 107, 138, 170, 204, 239, 274], 139: [58, 81, 108, 139, 171, 205, 240, 275], 140: [59, 82, 109, 140, 172, 206, 241, 276], 142: [61, 84, 111, 142, 174, 208, 243, 278], 143: [112, 143, 175, 209, 244, 279], 144: [63, 86, 113, 144, 176, 210, 245, 280], 145: [64, 87, 114, 145, 177, 211, 246, 281], 146: [88, 115, 116, 146, 147, 178, 179, 180], 173: [173, 207, 242, 277]}
{865: [717, 766, 815, 865], 909: [759, 808, 858, 908, 909, 960, 961, 1013], 910: [711, 760, 809, 859, 910, 962, 1014, 1065], 911: [712, 761, 810, 860, 911, 963, 1015, 1066], 912: [713, 762, 811, 861, 912, 964, 1016, 1067], 913: [714, 763, 812, 862, 913, 965, 1017, 1068], 914: [715, 764, 813, 863, 914, 966, 1018, 1069], 915: [716, 765, 814, 864, 915, 967, 1019, 1070], 917: [718, 767, 816, 866, 917, 969, 1021, 1072], 918: [719, 768, 817, 867, 918, 970, 1022, 1073], 919: [720, 769, 818, 868, 919, 971, 1023, 1074], 920: [770, 819, 869, 920, 972, 1024, 1075], 921: [771, 820, 870, 921, 973, 1025, 1076], 922: [772, 821, 871, 922, 974, 1026, 1077], 968: [968, 1020, 1071]}
{388: [310, 311, 348, 349, 387, 388, 427, 428], 390: [312, 313, 350, 351, 389, 390, 429, 430], 392: [315, 316, 353, 354, 392, 393, 432, 433], 394: [317, 318, 355, 356, 394, 395, 434, 435], 472: [314, 352, 391, 431, 472, 473, 514, 558], 598: [468, 510, 554, 598, 644, 690, 737, 786], 599: [469, 511, 555, 599, 645, 691, 738, 787], 600: [470, 512, 556, 600, 646, 692, 739, 788], 601: [471, 513, 557, 601, 647, 693, 740, 789], 603: [515, 559, 603, 649, 695, 742, 791, 792], 604: [474, 475, 516, 560, 604, 650, 696, 743], 605: [517, 561, 605, 651, 697, 744, 793, 794], 606: [476, 518, 562, 606, 652, 698, 745, 746], 648: [648, 694, 741, 790]}
{283: [212, 213, 247, 248, 282, 283, 319, 320], 359: [214, 249, 284, 321, 357, 358, 359, 397], 399: [215, 250, 285, 322, 360, 398, 399, 439], 400: [286, 323, 324, 361, 362, 400, 401, 440], 483: [363, 402, 442, 443, 483, 484, 525], 523: [481, 523], 563: [396, 436, 477, 519, 563, 607, 653, 699], 564: [437, 478, 520, 564, 608, 654, 700, 747], 565: [438, 479, 521, 565, 609, 655, 701, 748], 566: [480, 522, 566, 610, 656, 702, 749], 568: [441, 482, 524, 568, 612, 658, 704, 751], 571: [485, 526, 527, 570, 571, 615, 661, 707], 611: [611, 657, 703, 750], 613: [569, 613, 614, 659, 660, 705, 706, 752], 616: [528, 572, 616, 617, 662, 663, 708, 709]}
{1452: [1352, 1353, 1402, 1403, 1451, 1452, 1497, 1498], 1502: [1357, 1407, 1456, 1502], 1542: [1354, 1404, 1453, 1499, 1540, 1541, 1542, 1582], 1543: [1355, 1405, 1454, 1500, 1543, 1583, 1619, 1620], 1544: [1356, 1406, 1455, 1501, 1544, 1584, 1621, 1657], 1546: [1358, 1408, 1457, 1503, 1546, 1586, 1623, 1659], 1547: [1359, 1409, 1458, 1504, 1547, 1587, 1624, 1660], 1548: [1360, 1410, 1459, 1505, 1548, 1588, 1625, 1661], 1549: [1361, 1411, 1460, 1506, 1549, 1589, 1626, 1662], 1550: [1362, 1412, 1461, 1507, 1550, 1590, 1627], 1551: [1363, 1413, 1462, 1508, 1551, 1591, 1592, 1628], 1585: [1585, 1622], 1618: [1580, 1581, 1618, 1654, 1687, 1714, 1733, 1744], 1689: [1655, 1656, 1688, 1689, 1715, 1716, 1734, 1735], 1691: [1658, 1690, 1691, 1692, 1693, 1717, 1718]}
{35: [7, 8, 19, 20, 35, 36, 54, 55], 49: [29, 30, 31, 48, 49, 50, 71, 72], 52: [17, 18, 33, 34, 52, 53, 75, 76], 101: [16, 32, 51, 74, 101, 102, 132, 133], 162: [98, 99, 130, 162], 197: [73, 100, 131, 163, 164, 197, 232, 267], 198: [165, 198, 199, 233, 234, 268, 269, 305], 200: [103, 134, 166, 200, 235, 270, 307, 345], 201: [77, 104, 135, 167, 201, 236, 271, 308], 202: [78, 105, 136, 168, 202, 237, 272, 309], 303: [231, 266, 303, 304, 341, 380, 420, 461], 381: [342, 343, 381, 382, 421, 422, 462, 463], 383: [306, 344, 383, 384, 423, 424, 464, 465], 385: [346, 347, 385, 386, 425, 426, 466, 467]}
{853: [755, 756, 804, 805, 853, 854, 903, 904], 950: [800, 849, 899, 950], 997: [795, 844, 894, 945, 997, 1049, 1100, 1151], 998: [796, 845, 895, 946, 998, 1050, 1101, 1152], 999: [797, 846, 896, 947, 999, 1051, 1102, 1153], 1000: [798, 847, 897, 948, 1000, 1052, 1103, 1154], 1001: [799, 848, 898, 949, 1001, 1053, 1054, 1104], 1003: [801, 850, 900, 951, 1003, 1055, 1106, 1157], 1004: [753, 802, 851, 901, 952, 1004, 1056, 1107], 1005: [754, 803, 852, 902, 953, 1005, 1057, 1108], 1205: [1155, 1203, 1204, 1205, 1255, 1256, 1306, 1307], 1206: [1105, 1156, 1206, 1207, 1257, 1258, 1308, 1309], 1208: [1158, 1159, 1208, 1209, 1259, 1260, 1310, 1311], 1253: [1201, 1202, 1252, 1253, 1254, 1303, 1304, 1305]}
