The optimal value is 275579.0607
Service ways: {24, 34, 6, 15}
Inverters: 836 542 149 474 202 1198 855 846 906 1209 488 159
Cable routing:
{631: [628, 629, 630, 631, 632, 633, 634, 635], 668: [586, 587, 626, 627, 667, 668, 708, 709], 672: [669, 670, 671, 672, 673, 674, 675, 676], 713: [710, 711, 712, 713, 714, 715, 716, 717], 754: [752, 753, 754, 755, 756, 757, 758, 795], 792: [749, 750, 751, 790, 791, 792, 793, 794], 834: [831, 832, 833, 834, 835, 876], 838: [796, 797, 798, 799, 837, 838, 839, 840], 874: [872, 873, 874, 875, 913, 914, 953, 954], 878: [877, 878, 879, 880, 881, 882], 918: [915, 916, 917, 918, 919, 920, 921, 922], 957: [955, 956, 957, 958, 959, 960, 961, 998], 994: [991, 992, 993, 994, 995, 996, 997, 1028], 1031: [1029, 1030, 1031, 1032, 1065, 1066, 1067, 1068]}
{427: [391, 392, 424, 425, 426, 427, 428, 429], 459: [419, 420, 421, 422, 457, 458, 459, 460], 465: [430, 462, 463, 464, 465, 466, 467, 468], 499: [423, 461, 495, 496, 497, 498, 499, 500], 503: [501, 502, 503, 504, 505, 506, 507, 541], 538: [534, 535, 536, 537, 538, 539, 540, 577], 543: [543, 544, 545, 546], 575: [573, 574, 575, 576, 613, 614, 615, 616], 581: [578, 579, 580, 581, 582, 583, 584, 585], 621: [618, 619, 620, 621, 622, 623, 624, 625], 657: [617, 655, 656, 657, 658, 696, 697, 698], 661: [659, 660, 661, 662, 663, 664, 665, 666], 702: [699, 700, 701, 702, 703, 742, 743, 744], 705: [704, 705, 706, 707, 745, 746, 747, 748]}
{29: [1, 2, 3, 26, 27, 28, 29, 30], 32: [4, 5, 6, 7, 31, 32, 33, 34], 53: [23, 24, 25, 51, 52, 53, 54, 55], 86: [56, 57, 58, 83, 84, 85, 86, 87], 89: [59, 60, 61, 62, 88, 89, 90, 91], 113: [80, 81, 82, 110, 111, 112, 113, 114], 117: [115, 116, 117, 118, 119, 120], 146: [142, 143, 144, 145, 146, 147, 148, 179], 152: [121, 122, 150, 151, 152, 153, 154, 186], 178: [175, 176, 177, 178, 212, 213, 249, 286], 182: [180, 181, 182, 183, 184, 185], 217: [214, 215, 216, 217, 218, 219, 220, 221], 253: [250, 251, 252, 253, 254, 255, 256, 257], 290: [287, 288, 289, 290, 291, 292, 293, 294]}
{247: [209, 210, 211, 245, 246, 247, 248, 285], 320: [281, 282, 283, 284, 318, 319, 320, 321], 360: [322, 323, 324, 358, 359, 360, 361, 362], 365: [327, 328, 329, 330, 364, 365, 366, 367], 395: [355, 356, 357, 393, 394, 395, 396, 397], 401: [325, 326, 363, 400, 401, 402, 403, 404], 436: [398, 399, 433, 434, 435, 436, 437, 438], 470: [431, 432, 469, 470, 471, 472, 508, 509], 475: [439, 475, 476, 477], 479: [440, 441, 442, 478, 479, 480, 518, 519], 513: [473, 510, 511, 512, 513, 514, 515, 516], 552: [547, 548, 549, 550, 551, 552, 553, 554], 556: [517, 555, 556, 557, 558, 596, 597, 598], 592: [588, 589, 590, 591, 592, 593, 594, 595]}
{48: [19, 20, 21, 22, 46, 47, 48, 49], 77: [50, 74, 75, 76, 77, 78, 79], 106: [103, 104, 105, 106, 107, 108, 109], 137: [134, 135, 136, 137, 138, 139, 140, 141], 169: [165, 166, 167, 168, 169, 170, 171, 172], 201: [198, 199, 200, 201], 203: [203, 204], 206: [173, 174, 205, 206, 207, 208, 241, 242], 237: [233, 234, 235, 236, 237, 238, 239, 240], 273: [269, 270, 271, 272, 273, 274, 275, 276], 279: [243, 244, 277, 278, 279, 280, 316, 317], 310: [306, 307, 308, 309, 310, 311, 312, 313], 347: [343, 344, 345, 346, 347, 348, 349, 350], 352: [314, 315, 351, 352, 353, 354, 389, 390], 384: [381, 382, 383, 384, 385, 386, 387, 388]}
{1071: [1033, 1034, 1035, 1036, 1069, 1070, 1071, 1072], 1076: [1074, 1075, 1076, 1077, 1078, 1079, 1080, 1109], 1106: [1073, 1102, 1103, 1104, 1105, 1106, 1107, 1108], 1132: [1099, 1100, 1101, 1131, 1132, 1133, 1162, 1163], 1138: [1134, 1135, 1136, 1137, 1138, 1139, 1140, 1141], 1143: [1110, 1111, 1112, 1113, 1142, 1143, 1144, 1145], 1169: [1166, 1167, 1168, 1169, 1170, 1171, 1172, 1173], 1194: [1164, 1165, 1192, 1193, 1194, 1195, 1220, 1221], 1197: [1196, 1197], 1199: [1199, 1200, 1201], 1203: [1174, 1175, 1202, 1203, 1204, 1229, 1230, 1231], 1225: [1222, 1223, 1224, 1225, 1226, 1227, 1228], 1249: [1245, 1246, 1247, 1248, 1249, 1250, 1269, 1270], 1252: [1251, 1252, 1253, 1254, 1255, 1256, 1271, 1272], 1274: [1273, 1274, 1275, 1276, 1288, 1289, 1290, 1291]}
{650: [646, 647, 648, 649, 650, 651, 652, 653], 691: [687, 688, 689, 690, 691, 692, 693, 694], 732: [728, 729, 730, 731, 732, 733, 734], 736: [654, 695, 735, 736, 737, 738, 777, 778], 773: [769, 770, 771, 772, 773, 774, 775, 776], 814: [810, 811, 812, 813, 814, 815, 816, 817], 854: [851, 852, 853, 854], 856: [856, 857], 859: [818, 819, 858, 859, 860, 901, 902], 897: [893, 894, 895, 896, 897, 898, 899, 900], 937: [933, 934, 935, 936, 937, 938, 939, 940], 976: [972, 973, 974, 975, 976, 977, 978, 979], 980: [941, 942, 980, 981, 1017, 1018, 1054, 1055], 1013: [1009, 1010, 1011, 1012, 1013, 1014, 1015, 1016], 1050: [1046, 1047, 1048, 1049, 1050, 1051, 1052, 1053]}
{641: [638, 639, 640, 641, 642, 643, 644, 645], 682: [679, 680, 681, 682, 683, 684, 685, 686], 719: [636, 637, 677, 678, 718, 719, 759, 760], 723: [720, 721, 722, 723, 724, 725, 726, 727], 764: [761, 762, 763, 764, 765, 766, 767, 768], 805: [802, 803, 804, 805, 806, 807, 808, 809], 842: [800, 801, 841, 842, 843, 883, 884], 845: [844, 845], 847: [847, 848, 849, 850], 888: [885, 886, 887, 888, 889, 890, 891, 892], 928: [925, 926, 927, 928, 929, 930, 931, 932], 963: [923, 924, 962, 963, 964, 999, 1000, 1037], 967: [965, 966, 967, 968, 969, 970, 971], 1004: [1001, 1002, 1003, 1004, 1005, 1006, 1007, 1008], 1041: [1038, 1039, 1040, 1041, 1042, 1043, 1044, 1045]}
{782: [739, 740, 741, 780, 781, 782, 783, 784], 823: [779, 820, 821, 822, 823, 824, 825], 828: [786, 787, 788, 789, 827, 828, 829, 830], 864: [861, 862, 863, 864, 865], 867: [785, 826, 866, 867, 868, 869, 870, 871], 905: [903, 904, 905], 908: [907, 908, 909, 910, 911, 912], 946: [943, 944, 945, 946, 947, 986, 987], 949: [948, 949, 950, 951, 952, 988, 989, 990], 984: [982, 983, 984, 985, 1019, 1020, 1021, 1022], 1025: [1023, 1024, 1025, 1026, 1027, 1062, 1063, 1064], 1059: [1056, 1057, 1058, 1059, 1060, 1061, 1092, 1093], 1096: [1094, 1095, 1096, 1097, 1098, 1129, 1130, 1161], 1127: [1125, 1126, 1127, 1128, 1157, 1158, 1159, 1160], 1190: [1188, 1189, 1190, 1191, 1217, 1218, 1219, 1244]}
{1084: [1081, 1082, 1083, 1084, 1085, 1086, 1087, 1088], 1117: [1114, 1115, 1116, 1117, 1118, 1119, 1120, 1121], 1123: [1089, 1090, 1091, 1122, 1123, 1124, 1155, 1156], 1149: [1146, 1147, 1148, 1149, 1150, 1151, 1152, 1180], 1184: [1153, 1154, 1182, 1183, 1184, 1185, 1186, 1187], 1207: [1176, 1177, 1178, 1179, 1205, 1206, 1207, 1208], 1210: [1181, 1210, 1211, 1212], 1214: [1213, 1214, 1215, 1216, 1240, 1241, 1242, 1243], 1236: [1232, 1233, 1234, 1235, 1236, 1237, 1238, 1239], 1261: [1257, 1258, 1259, 1260, 1261, 1262, 1263, 1264], 1265: [1265, 1266, 1267, 1268, 1285, 1286, 1287, 1300], 1281: [1277, 1278, 1279, 1280, 1281, 1282, 1283, 1284], 1296: [1292, 1293, 1294, 1295, 1296, 1297, 1298, 1299], 1305: [1301, 1302, 1303, 1304, 1305, 1306, 1307, 1308]}
{337: [333, 334, 335, 336, 337, 338, 339, 340], 374: [370, 371, 372, 373, 374, 375, 376, 377], 407: [331, 332, 368, 369, 405, 406, 407, 408], 412: [409, 410, 411, 412, 413, 414, 415], 416: [341, 342, 378, 379, 380, 416, 417, 418], 450: [446, 447, 448, 449, 450, 451, 452, 453], 482: [443, 444, 445, 481, 482, 483, 520, 521], 487: [484, 485, 486, 487], 489: [489, 490, 491], 493: [454, 455, 456, 492, 493, 494, 532, 533], 527: [523, 524, 525, 526, 527, 528, 529, 530], 561: [522, 559, 560, 561, 562, 599, 600, 601], 566: [563, 564, 565, 566, 567, 568], 570: [531, 569, 570, 571, 572, 610, 611, 612], 606: [602, 603, 604, 605, 606, 607, 608, 609]}
{12: [8, 9, 10, 11, 12, 13, 14, 15], 39: [35, 36, 37, 38, 39, 40, 41, 42], 44: [16, 17, 18, 43, 44, 45, 72, 73], 67: [63, 64, 65, 66, 67, 68, 69, 70], 96: [92, 93, 94, 95, 96, 97, 98, 99], 127: [124, 125, 126, 127, 128, 129], 131: [71, 100, 101, 102, 130, 131, 132, 133], 156: [123, 155, 156, 157, 158, 187, 188, 189], 162: [160, 161, 162, 163, 164, 195, 196, 197], 192: [190, 191, 192, 193, 194, 226], 224: [222, 223, 224, 225, 258, 259, 260, 261], 227: [227, 228, 229, 230, 231, 232, 262, 263], 266: [264, 265, 266, 267, 268, 303, 304, 305], 300: [295, 296, 297, 298, 299, 300, 301, 302]}
