The optimal value is 136172.8523
Service ways: {8, 17, 26}
Inverters: 101 134 530 544 331 320
Cable routing:
{6: [1, 2, 3, 4, 5, 6, 7, 8], 15: [9, 10, 12, 13, 14, 15, 16, 17], 26: [11, 22, 23, 24, 25, 26, 27, 28], 30: [18, 19, 20, 21, 29, 30, 31, 32], 40: [36, 37, 38, 39, 40, 41, 42, 43], 58: [54, 55, 56, 57, 58, 59, 60, 61], 62: [44, 45, 46, 62, 63, 64, 84, 85], 80: [76, 77, 78, 79, 80, 81, 82, 83], 100: [98, 99, 100, 119, 120, 121], 102: [102, 103, 104, 105, 106, 123], 126: [124, 125, 126, 127, 148, 149, 170, 171], 144: [122, 141, 142, 143, 144, 145, 146, 147], 166: [163, 164, 165, 166, 167, 168, 169, 186], 189: [187, 188, 189, 190, 191, 192, 193, 194]}
{49: [33, 34, 35, 47, 48, 49, 50, 51], 70: [52, 53, 67, 68, 69, 70, 71, 72], 89: [65, 66, 86, 87, 88, 89, 90, 91], 95: [73, 74, 75, 93, 94, 95, 96, 97], 113: [92, 110, 111, 112, 113, 114, 115, 116], 129: [107, 108, 109, 128, 129, 130, 150, 151], 133: [131, 132, 133], 135: [135, 136, 137], 138: [117, 118, 138, 139, 140, 160, 161, 162], 156: [152, 153, 154, 155, 156, 157, 158, 159], 174: [172, 173, 174, 175, 195, 196, 197, 198], 178: [176, 177, 178, 179, 180, 181], 183: [182, 183, 184, 185, 205, 206, 207, 208], 201: [199, 200, 201, 202, 203, 204, 223, 224], 220: [218, 219, 220, 221, 222, 241, 242, 243]}
{438: [434, 435, 436, 437, 438, 439, 440, 441], 461: [457, 458, 459, 460, 461, 462, 463, 464], 466: [442, 443, 444, 445, 465, 466, 467, 468], 484: [480, 481, 482, 483, 484, 485, 486, 487], 507: [503, 504, 505, 506, 507, 508, 509, 510], 512: [488, 489, 490, 491, 511, 512, 513, 514], 529: [526, 527, 528, 529], 533: [531, 532, 533, 534, 535, 536, 537, 556], 553: [549, 550, 551, 552, 553, 554, 555, 572], 558: [557, 558, 559, 560, 580, 581, 582, 583], 576: [573, 574, 575, 576, 577, 578, 579, 598], 595: [594, 595, 596, 597, 616, 617, 633, 634], 601: [599, 600, 601, 602, 603, 604, 605, 623], 620: [618, 619, 620, 621, 622, 635, 636, 637]}
{452: [449, 450, 451, 452, 453, 454, 455, 456], 475: [472, 473, 474, 475, 476, 477, 478, 479], 494: [469, 470, 471, 492, 493, 494, 495, 517], 498: [496, 497, 498, 499, 500, 501, 502], 521: [518, 519, 520, 521, 522, 523, 524, 525], 539: [515, 516, 538, 539, 540, 541, 561, 562], 543: [542, 543], 545: [545, 546, 547, 548], 567: [564, 565, 566, 567, 568, 569, 570, 571], 585: [563, 584, 585, 586, 606, 607, 624, 638], 589: [587, 588, 589, 590, 591, 592, 593], 611: [608, 609, 610, 611, 612, 613, 614, 615], 628: [625, 626, 627, 628, 629, 630, 631, 632], 642: [639, 640, 641, 642, 643, 644, 645, 646], 650: [647, 648, 649, 650, 651, 652, 653, 654]}
{234: [209, 210, 211, 212, 232, 233, 234, 235], 238: [214, 215, 216, 217, 237, 238, 239, 240], 259: [213, 236, 256, 257, 258, 259, 260, 261], 283: [262, 279, 280, 281, 282, 283, 284, 285], 287: [263, 264, 265, 266, 286, 287, 288, 289], 307: [303, 304, 305, 306, 307, 308, 309, 310], 330: [327, 328, 329, 330], 335: [311, 312, 313, 333, 334, 335, 336, 337], 355: [332, 351, 352, 353, 354, 355, 356, 357], 359: [358, 359, 360, 361, 383, 384, 385, 409], 379: [375, 376, 377, 378, 379, 380, 381, 382], 403: [399, 400, 401, 402, 403, 404, 405, 406], 425: [423, 424, 425, 426, 427, 446, 447, 448], 430: [407, 408, 428, 429, 430, 431, 432, 433]}
{250: [225, 226, 227, 228, 247, 248, 249, 250], 252: [229, 230, 231, 251, 252, 253, 254, 255], 269: [244, 245, 246, 267, 268, 269, 270, 271], 296: [272, 273, 274, 294, 295, 296, 297, 298], 299: [275, 276, 277, 278, 299, 300, 301, 302], 316: [290, 291, 292, 293, 314, 315, 316, 317], 319: [318, 319, 343, 344], 322: [321, 322, 323, 324, 325, 326, 345, 346], 340: [338, 339, 340, 341, 342, 362, 363, 364], 348: [347, 348, 349, 350, 371, 372, 373, 374], 368: [365, 366, 367, 368, 369, 370, 391, 392], 388: [386, 387, 388, 389, 390, 410, 411, 412], 396: [394, 395, 396, 397, 398, 420, 421, 422], 416: [393, 413, 414, 415, 416, 417, 418, 419]}
