The optimal value is 515923.5318
Service ways: {34, 9, 44, 53, 23}
Inverters: 2238 2219 488 1331 1772 1620 1753 1048 2063 1027 565 170 556 925 260 2229 1195 1594 1006 1688 74 593
Cable routing:
{2047: [2002, 2003, 2004, 2045, 2046, 2047, 2087, 2088], 2090: [2005, 2006, 2048, 2049, 2089, 2090, 2130, 2168], 2092: [2007, 2008, 2050, 2051, 2091, 2092, 2132], 2093: [2009, 2010, 2052, 2053, 2093, 2094, 2133, 2134], 2205: [2170, 2171, 2205, 2206, 2239], 2232: [2086, 2126, 2164, 2199, 2232, 2263, 2291, 2317], 2233: [2127, 2165, 2200, 2233, 2264, 2292, 2318, 2341], 2234: [2128, 2166, 2201, 2234, 2265, 2293, 2319, 2342], 2235: [2129, 2167, 2202, 2235, 2266, 2294, 2320, 2343], 2237: [2131, 2169, 2203, 2204, 2236, 2237, 2268, 2269], 2296: [2267, 2295, 2296, 2321, 2322, 2344, 2345, 2365], 2360: [2340, 2359, 2360, 2377, 2378, 2388, 2389, 2394], 2380: [2361, 2362, 2379, 2380, 2390, 2391, 2395, 2396], 2382: [2363, 2364, 2381, 2382, 2392, 2393, 2397, 2398]}
{2032: [1988, 1989, 1990, 2031, 2032, 2033, 2073, 2074], 2071: [1986, 1987, 2029, 2030, 2070, 2071, 2072, 2111], 2075: [1991, 1992, 2034, 2035, 2075, 2076, 2115, 2153], 2182: [1985, 2028, 2069, 2109, 2147, 2181, 2182, 2215], 2186: [2113, 2114, 2151, 2186], 2216: [2110, 2148, 2183, 2216, 2247, 2275, 2301, 2324], 2217: [2149, 2184, 2217, 2248, 2276, 2302, 2325], 2218: [2112, 2150, 2185, 2218, 2249, 2277, 2303], 2220: [2152, 2187, 2188, 2220, 2221, 2251, 2279, 2305], 2222: [2116, 2154, 2189, 2190, 2222, 2223, 2253, 2254], 2246: [2214, 2245, 2246, 2273, 2274, 2299, 2300, 2323], 2250: [2250, 2278], 2280: [2252, 2280, 2281, 2282, 2306, 2329, 2349, 2367], 2327: [2304, 2326, 2327, 2328, 2346, 2347, 2348, 2366], 2330: [2307, 2308, 2330, 2331, 2350, 2351, 2368, 2369]}
{270: [196, 232, 233, 269, 270, 271, 310, 311], 356: [197, 234, 272, 312, 313, 356, 357, 400], 396: [308, 309, 351, 352, 395, 396, 440, 441], 484: [392, 436, 437, 483, 484, 531, 577, 578], 486: [350, 393, 394, 438, 439, 485, 486, 533], 489: [353, 397, 442, 489, 536, 583, 631, 679], 490: [354, 398, 443, 490, 537, 584, 632, 680], 491: [355, 399, 444, 491, 538, 585, 633, 681], 492: [401, 445, 446, 492, 539, 586, 634, 682], 529: [481, 482, 528, 529, 530, 576, 624, 672], 535: [535, 582, 630, 678], 581: [487, 534, 580, 581, 628, 629, 676, 677], 623: [574, 575, 621, 622, 623, 669, 670, 671], 627: [532, 579, 625, 626, 627, 673, 674, 675]}
{1119: [1014, 1015, 1066, 1067, 1119, 1120, 1171, 1224], 1121: [1016, 1017, 1068, 1069, 1070, 1121, 1122, 1123], 1222: [1064, 1116, 1117, 1168, 1169, 1222, 1276, 1330], 1223: [1013, 1065, 1118, 1170, 1223, 1277], 1328: [1273, 1274, 1327, 1328, 1382, 1437, 1492, 1548], 1329: [1220, 1221, 1275, 1329, 1383, 1438, 1493, 1549], 1332: [1278, 1332, 1386, 1441, 1496, 1552], 1333: [1172, 1225, 1279, 1333, 1387, 1442, 1497, 1553], 1334: [1173, 1226, 1280, 1334, 1388, 1443, 1498, 1554], 1335: [1174, 1227, 1281, 1335, 1389, 1444, 1499, 1555], 1336: [1175, 1228, 1282, 1336, 1390, 1445, 1500, 1556], 1337: [1176, 1229, 1283, 1337, 1391, 1446, 1501, 1557], 1436: [1380, 1381, 1434, 1435, 1436, 1489, 1490, 1491], 1440: [1384, 1385, 1439, 1440, 1494, 1495, 1550, 1551]}
{1657: [1544, 1599, 1600, 1601, 1655, 1656, 1657, 1712], 1714: [1545, 1546, 1602, 1658, 1659, 1713, 1714, 1767], 1715: [1547, 1603, 1604, 1660, 1661, 1715, 1768, 1819], 1719: [1607, 1664, 1719], 1770: [1605, 1662, 1716, 1717, 1769, 1770, 1820, 1821], 1771: [1606, 1663, 1718, 1771, 1822, 1870, 1871], 1773: [1608, 1665, 1720, 1773, 1824, 1873, 1920, 1966], 1774: [1609, 1666, 1721, 1774, 1825, 1874, 1921, 1967], 1775: [1610, 1667, 1722, 1775, 1826, 1875, 1922, 1968], 1776: [1611, 1668, 1723, 1776, 1827, 1876, 1923, 1969], 1777: [1612, 1669, 1724, 1777, 1828, 1877, 1924], 1778: [1613, 1670, 1725, 1778, 1779, 1829, 1878, 1925], 1823: [1823, 1872, 1919], 1926: [1830, 1879, 1926, 1971, 1972, 2015, 2056, 2096], 2013: [1970, 2011, 2012, 2013, 2014, 2054, 2055, 2095]}
{1341: [1284, 1285, 1286, 1287, 1339, 1340, 1341, 1395], 1397: [1288, 1289, 1342, 1343, 1396, 1397, 1452, 1507], 1398: [1290, 1291, 1344, 1345, 1398, 1399, 1400, 1453], 1564: [1508, 1564], 1614: [1338, 1392, 1447, 1502, 1558, 1614, 1671, 1726], 1615: [1393, 1448, 1503, 1559, 1615, 1672, 1727, 1780], 1616: [1394, 1449, 1504, 1560, 1616, 1673, 1728, 1781], 1617: [1450, 1505, 1561, 1617, 1674, 1729, 1782, 1833], 1618: [1451, 1506, 1562, 1618, 1675, 1730, 1783, 1834], 1619: [1563, 1619, 1676, 1731, 1784, 1835], 1621: [1454, 1509, 1565, 1621, 1678, 1733, 1786, 1837], 1622: [1455, 1510, 1566, 1622, 1679, 1734, 1787, 1838], 1623: [1456, 1511, 1567, 1623, 1680, 1735, 1788, 1839], 1624: [1457, 1512, 1568, 1624, 1681, 1736, 1789, 1840], 1677: [1677, 1732, 1785, 1836]}
{1474: [1417, 1418, 1419, 1420, 1472, 1473, 1474, 1475], 1526: [1416, 1469, 1470, 1471, 1524, 1525, 1526, 1527], 1531: [1421, 1422, 1476, 1477, 1531, 1532, 1533, 1587], 1698: [1529, 1585, 1641, 1698], 1748: [1580, 1636, 1693, 1748, 1801, 1852, 1901, 1948], 1749: [1581, 1637, 1694, 1749, 1802, 1853, 1902, 1949], 1750: [1582, 1638, 1695, 1750, 1803, 1854, 1903, 1950], 1751: [1583, 1639, 1696, 1751, 1804, 1855, 1904, 1951], 1752: [1528, 1584, 1640, 1697, 1752, 1805, 1856, 1905], 1754: [1530, 1586, 1642, 1699, 1754, 1807, 1858, 1907], 1755: [1643, 1700, 1755, 1808, 1859, 1908, 1955, 2001], 1756: [1588, 1644, 1701, 1756, 1809, 1860, 1909, 1956], 1757: [1589, 1645, 1702, 1757, 1810, 1861, 1910, 1957], 1906: [1806, 1857, 1906, 1952, 1953, 1954, 1999, 2000]}
{897: [798, 799, 847, 848, 897, 898, 948, 949], 899: [800, 801, 849, 850, 899, 900, 950, 951], 944: [842, 843, 892, 893, 943, 944, 993, 994], 997: [846, 896, 947, 997], 1046: [844, 894, 945, 995, 1046, 1098, 1151, 1203], 1047: [845, 895, 946, 996, 1047, 1099, 1100, 1152], 1049: [998, 999, 1049, 1050, 1101, 1102, 1154, 1206], 1051: [1000, 1001, 1051, 1052, 1103, 1104, 1156, 1208], 1053: [802, 851, 901, 952, 1002, 1053, 1105, 1158], 1097: [1044, 1045, 1096, 1097, 1150, 1202, 1255, 1309], 1209: [1157, 1209, 1210, 1262, 1263, 1316, 1317, 1370], 1257: [1204, 1256, 1257, 1310, 1311, 1363, 1364, 1365], 1258: [1153, 1205, 1258, 1259, 1312, 1313, 1366, 1367], 1260: [1155, 1207, 1260, 1261, 1314, 1315, 1368, 1369]}
{2022: [1886, 1933, 1979, 2022], 2057: [1831, 1880, 1927, 1973, 2016, 2057, 2097, 2135], 2058: [1832, 1881, 1928, 1974, 2017, 2058, 2098, 2136], 2059: [1882, 1929, 1975, 2018, 2059, 2099, 2137, 2172], 2060: [1883, 1930, 1976, 2019, 2060, 2100, 2138, 2173], 2061: [1884, 1931, 1977, 2020, 2061, 2101, 2139, 2174], 2062: [1885, 1932, 1978, 2021, 2062, 2102, 2140, 2175], 2064: [1887, 1934, 1980, 2023, 2064, 2104, 2142, 2177], 2065: [1888, 1935, 1981, 2024, 2065, 2105, 2143, 2178], 2066: [1889, 1936, 1982, 2025, 2066, 2106, 2144, 2179], 2067: [1937, 1983, 1984, 2026, 2027, 2067, 2068, 2108], 2145: [2107, 2145, 2146, 2180, 2213, 2244, 2272, 2298], 2176: [2103, 2141, 2176, 2207, 2208, 2209, 2210, 2240], 2242: [2211, 2212, 2241, 2242, 2243, 2270, 2271, 2297]}
{826: [728, 729, 777, 778, 826, 827, 876, 877], 828: [730, 731, 779, 780, 828, 829, 878, 879], 880: [732, 781, 782, 830, 831, 880, 881, 931], 926: [727, 776, 825, 875, 926, 927, 976, 977], 933: [832, 833, 882, 883, 933, 934, 983, 984], 1029: [928, 929, 978, 979, 1029, 1030, 1081, 1082], 1031: [930, 980, 981, 1031, 1032, 1083, 1084, 1136], 1033: [932, 982, 1033, 1034, 1085, 1086, 1138, 1139], 1079: [1079, 1132, 1184, 1237], 1133: [1028, 1080, 1133, 1134, 1185, 1238, 1292, 1346], 1186: [1135, 1186, 1187, 1188, 1239, 1293, 1347, 1401], 1189: [1137, 1189, 1190, 1191, 1242, 1296, 1350, 1404], 1294: [1240, 1241, 1294, 1295, 1348, 1349, 1402, 1403], 1297: [1243, 1244, 1297, 1298, 1351, 1352, 1405, 1406]}
{479: [390, 391, 434, 435, 479, 480, 526, 527], 518: [426, 471, 518], 561: [422, 467, 514, 561, 608, 656, 704, 753], 562: [423, 468, 515, 562, 609, 657, 705, 754], 563: [424, 469, 516, 563, 610, 658, 706, 755], 564: [425, 470, 517, 564, 611, 659, 707, 756], 566: [427, 472, 519, 566, 613, 661, 709, 758], 567: [428, 473, 520, 567, 614, 662, 710, 759], 568: [429, 474, 521, 568, 615, 663, 711, 760], 569: [430, 475, 522, 569, 616, 664, 712, 761], 570: [431, 476, 523, 570, 617, 665, 713, 762], 571: [432, 477, 524, 571, 618], 572: [389, 433, 478, 525, 572, 573, 619, 620], 612: [612, 660, 708, 757], 666: [666, 667, 668, 714, 715, 716, 763, 764]}
{49: [20, 21, 33, 34, 49, 50, 51, 69], 66: [19, 31, 32, 47, 48, 66, 67, 68], 112: [46, 64, 65, 86, 87, 111, 112, 140], 166: [108, 135, 136, 164, 165, 166, 200, 237], 168: [84, 85, 109, 110, 138, 168, 202, 239], 171: [88, 113, 141, 171, 205, 242, 280, 321], 172: [89, 114, 142, 172, 206, 243, 281, 322], 173: [90, 115, 143, 173, 207, 244, 282, 323], 174: [91, 116, 144, 174, 208, 245, 283, 324], 175: [70, 92, 117, 145, 175, 209, 246, 284], 201: [137, 167, 201, 238, 275, 276, 316, 317], 203: [139, 169, 203, 240, 277, 278, 318, 319], 204: [204, 241, 279, 320], 236: [198, 199, 235, 236, 273, 274, 314, 315]}
{330: [288, 289, 290, 329, 330, 331, 372, 374], 371: [286, 287, 327, 328, 370, 371, 415, 460], 375: [291, 292, 332, 333, 334, 375, 376, 377], 413: [285, 325, 326, 368, 369, 412, 413, 457], 509: [373, 417, 462, 509], 552: [458, 504, 505, 551, 552, 599, 647, 695], 553: [414, 459, 506, 507, 553, 600, 648, 696], 555: [416, 461, 508, 554, 555, 601, 602, 650], 557: [418, 463, 510, 557, 604, 652, 700, 749], 558: [419, 464, 511, 558, 605, 653, 701, 750], 559: [420, 465, 512, 559, 606, 654, 702, 751], 560: [421, 466, 513, 560, 607, 655, 703, 752], 699: [603, 651, 698, 699, 747, 748, 796, 797], 746: [649, 697, 744, 745, 746, 793, 794, 795]}
{865: [717, 765, 766, 814, 815, 865, 916, 966], 874: [726, 775, 824, 874], 915: [863, 864, 913, 914, 915, 963, 964, 965], 917: [718, 719, 767, 816, 866, 917, 967, 1018], 918: [768, 817, 867, 918, 968, 1019, 1071, 1124], 919: [720, 769, 818, 868, 919, 969, 1020, 1072], 920: [721, 770, 819, 869, 920, 970, 1021, 1073], 921: [722, 771, 820, 870, 921, 971, 1022, 1074], 922: [723, 772, 821, 871, 922, 972, 1023, 1075], 923: [724, 773, 822, 872, 923, 973, 1024, 1076], 924: [725, 774, 823, 873, 924, 974, 1025, 1077], 1078: [975, 1026, 1078, 1130, 1131, 1182, 1183, 1236], 1126: [1125, 1126, 1127, 1177, 1178, 1179, 1230, 1231], 1181: [1128, 1129, 1180, 1181, 1232, 1233, 1234, 1235]}
{130: [63, 82, 83, 104, 105, 129, 130, 158], 156: [62, 81, 103, 127, 128, 154, 155, 156], 159: [106, 107, 131, 132, 159, 160, 189, 223], 256: [184, 218, 219, 255, 256, 293, 294, 335], 257: [185, 186, 220, 257, 295, 336, 378, 379], 258: [157, 187, 221, 258, 296, 337, 380], 259: [188, 222, 259, 297, 338, 381], 261: [190, 224, 261, 299, 340, 383], 262: [133, 161, 191, 225, 262, 300, 341, 384], 263: [134, 162, 192, 226, 263, 301, 342, 385], 264: [163, 193, 227, 264, 302, 343, 386], 265: [194, 195, 228, 265, 303, 344, 387], 266: [229, 230, 266, 267, 304, 305, 345, 388], 298: [298, 339, 382], 306: [231, 268, 306, 307, 346, 347, 348, 349]}
{2078: [1993, 1994, 2036, 2037, 2077, 2078, 2117, 2118], 2080: [1995, 1996, 2038, 2039, 2079, 2080, 2120, 2158], 2082: [1997, 1998, 2040, 2041, 2042, 2081, 2082, 2122], 2196: [2083, 2123, 2161, 2196], 2197: [2043, 2084, 2124, 2162, 2197, 2230], 2224: [2155, 2156, 2191, 2224, 2255, 2283, 2309, 2332], 2225: [2119, 2157, 2192, 2225, 2256, 2284, 2310, 2333], 2227: [2121, 2159, 2193, 2194, 2226, 2227, 2257, 2258], 2228: [2160, 2195, 2228, 2259, 2287, 2313], 2231: [2044, 2085, 2125, 2163, 2198, 2231, 2262, 2290], 2260: [2260, 2261, 2288, 2314], 2312: [2285, 2286, 2311, 2312, 2335, 2355, 2373, 2384], 2315: [2289, 2315, 2316, 2338, 2339, 2358, 2376, 2387], 2354: [2334, 2352, 2353, 2354, 2370, 2371, 2372, 2383], 2357: [2336, 2337, 2356, 2357, 2374, 2375, 2385, 2386]}
{936: [834, 835, 884, 885, 935, 936, 985, 986], 938: [837, 838, 887, 888, 938, 939, 988, 989], 940: [839, 840, 889, 890, 940, 941, 990, 991], 1038: [836, 886, 937, 987, 1038, 1039, 1090, 1143], 1095: [841, 891, 942, 992, 1043, 1095, 1148, 1149], 1192: [1035, 1087, 1140, 1192, 1245, 1299, 1353, 1407], 1193: [1036, 1088, 1141, 1193, 1246, 1300, 1354, 1408], 1194: [1037, 1089, 1142, 1194, 1247, 1301, 1355, 1409], 1196: [1091, 1144, 1196, 1249, 1303, 1357, 1411, 1412], 1197: [1040, 1041, 1092, 1145, 1197, 1250, 1304, 1358], 1198: [1093, 1146, 1198, 1251, 1305, 1359, 1413, 1414], 1199: [1042, 1094, 1147, 1199, 1200, 1252, 1306, 1360], 1248: [1248, 1302, 1356, 1410], 1253: [1201, 1253, 1254, 1307, 1308, 1361, 1362, 1415]}
{1487: [1378, 1379, 1432, 1433, 1487, 1488, 1542, 1543], 1538: [1374, 1428, 1483, 1538], 1590: [1423, 1478, 1479, 1534, 1590, 1646, 1703, 1758], 1591: [1371, 1424, 1425, 1480, 1535, 1591, 1647, 1704], 1592: [1426, 1481, 1536, 1592, 1648, 1705, 1759, 1760], 1593: [1372, 1373, 1427, 1482, 1537, 1593, 1649, 1706], 1595: [1375, 1429, 1484, 1539, 1595, 1651, 1708, 1763], 1596: [1376, 1430, 1485, 1540, 1596, 1652, 1709, 1764], 1597: [1377, 1431, 1486, 1541, 1597, 1598, 1653, 1654], 1762: [1650, 1707, 1761, 1762, 1815, 1866, 1915, 1962], 1765: [1710, 1711, 1765, 1766, 1818, 1869, 1918, 1965], 1863: [1811, 1812, 1862, 1863, 1911, 1912, 1958, 1959], 1865: [1813, 1814, 1864, 1865, 1913, 1914, 1960, 1961], 1867: [1816, 1817, 1867, 1868, 1916, 1917, 1963, 1964]}
{911: [812, 813, 861, 862, 911, 912, 962, 1012], 956: [806, 855, 905, 956], 1003: [803, 852, 902, 953, 1003, 1054, 1106, 1159], 1004: [804, 853, 903, 954, 1004, 1055, 1107], 1005: [805, 854, 904, 955, 1005, 1056, 1108, 1161], 1007: [807, 856, 906, 957, 1007, 1058, 1110, 1163], 1008: [808, 857, 907, 958, 1008, 1059, 1111], 1009: [809, 858, 908, 959, 1009, 1060, 1112, 1165], 1010: [810, 859, 909, 960, 1010, 1061, 1113, 1114], 1011: [811, 860, 910, 961, 1011, 1062, 1063, 1115], 1057: [1057, 1109, 1162], 1212: [1160, 1211, 1212, 1213, 1264, 1265, 1318, 1319], 1216: [1164, 1215, 1216, 1217, 1269, 1270, 1323, 1324], 1218: [1166, 1167, 1218, 1219, 1271, 1272, 1325, 1326], 1267: [1214, 1266, 1267, 1268, 1320, 1321, 1322]}
{1573: [1461, 1462, 1516, 1517, 1572, 1573, 1628, 1629], 1631: [1464, 1519, 1575, 1631], 1682: [1458, 1513, 1569, 1625, 1682, 1737, 1790, 1841], 1683: [1459, 1514, 1570, 1626, 1683, 1738, 1791, 1842], 1684: [1460, 1515, 1571, 1627, 1684, 1685, 1739, 1792], 1687: [1463, 1518, 1574, 1630, 1686, 1687, 1742, 1795], 1689: [1465, 1520, 1576, 1632, 1689, 1744, 1797, 1848], 1690: [1466, 1521, 1577, 1633, 1690, 1745, 1798, 1849], 1691: [1467, 1522, 1578, 1634, 1691, 1746, 1799, 1850], 1692: [1468, 1523, 1579, 1635, 1692, 1747, 1800, 1851], 1794: [1740, 1741, 1793, 1794, 1844, 1845, 1894, 1941], 1847: [1743, 1796, 1846, 1847, 1895, 1896, 1942, 1943], 1892: [1843, 1890, 1891, 1892, 1893, 1938, 1939, 1940], 1898: [1897, 1898, 1899, 1900, 1944, 1945, 1946, 1947]}
{12: [1, 4, 5, 10, 11, 12, 22, 23], 15: [3, 7, 8, 9, 14, 15, 16, 26], 53: [2, 6, 13, 24, 37, 53, 72, 94], 55: [39, 55], 71: [35, 36, 52, 71, 93, 118, 146], 73: [25, 38, 54, 73, 95, 120, 148, 178], 75: [27, 40, 56, 75, 97, 122, 150, 180], 76: [17, 28, 41, 57, 76, 98, 123, 151], 77: [18, 29, 42, 58, 77, 99, 124, 152], 78: [30, 43, 44, 59, 78, 100, 125, 153], 79: [45, 60, 61, 79, 80, 101, 102, 126], 96: [96, 121, 149], 177: [119, 147, 176, 177, 210, 211, 247, 248], 182: [181, 182, 183, 216, 217, 252, 253, 254], 213: [179, 212, 213, 214, 215, 249, 250, 251]}
{406: [360, 361, 362, 404, 405, 406, 451, 498], 448: [358, 359, 402, 403, 447, 448, 495, 542], 453: [364, 365, 408, 409, 453, 454, 500], 455: [366, 367, 410, 411, 455, 456, 502, 549], 499: [363, 407, 452, 499, 546], 588: [493, 494, 540, 541, 587, 588, 635, 636], 590: [449, 496, 543, 590, 638, 686, 735, 784], 591: [450, 497, 544, 591, 639, 687, 736, 785], 592: [545, 592, 640, 688, 737, 786], 594: [547, 594, 642, 690, 739, 788], 595: [501, 548, 595, 596, 643, 691, 740, 789], 597: [503, 550, 597, 598, 645, 646, 693, 694], 641: [641, 689, 738, 787], 685: [589, 637, 683, 684, 685, 733, 734, 783], 741: [644, 692, 741, 742, 743, 790, 791, 792]}
