The optimal value is 447998.4287
Service ways: {36, 5, 46, 16, 26}
Inverters: 838 1957 1890 85 94 1394 1361 421 1911 402 413 1901 431 824 848 859 1371 1352 1381
Cable routing:
{697: [694, 695, 696, 697, 698, 699, 700, 701], 743: [739, 740, 741, 742, 743, 744, 745, 746], 790: [787, 788, 789, 790, 791, 792], 794: [702, 747, 748, 793, 794, 795], 835: [786, 833, 834, 835, 836, 837, 882, 883], 841: [839, 840, 841, 842, 843, 890, 891, 892], 887: [884, 885, 886, 887, 888, 889, 937, 938], 934: [932, 933, 934, 935, 936, 984, 985, 986], 941: [939, 940, 941, 942, 943, 993, 994, 995], 990: [987, 988, 989, 990, 991, 992, 1041, 1043], 1038: [1036, 1037, 1038, 1039, 1040, 1089, 1090, 1091], 1046: [1044, 1045, 1046, 1047, 1048, 1099, 1100, 1101], 1096: [1042, 1092, 1093, 1094, 1095, 1096, 1097, 1098], 1151: [1149, 1150, 1151, 1152, 1153, 1154, 1155, 1156]}
{1654: [1594, 1595, 1596, 1597, 1653, 1654, 1655, 1656], 1710: [1592, 1593, 1650, 1651, 1652, 1709, 1710, 1711], 1770: [1712, 1713, 1714, 1715, 1769, 1770, 1771, 1772], 1823: [1766, 1767, 1768, 1821, 1822, 1823, 1824, 1825], 1876: [1826, 1827, 1828, 1874, 1875, 1876, 1877, 1878], 1917: [1871, 1872, 1873, 1915, 1916, 1917, 1918, 1919], 1956: [1953, 1954, 1955, 1956], 1959: [1920, 1921, 1922, 1958, 1959, 1960, 1961, 1994], 1990: [1986, 1987, 1988, 1989, 1990, 1991, 1992, 1993], 2017: [2013, 2014, 2015, 2016, 2017, 2018, 2019, 2020], 2038: [2034, 2035, 2036, 2037, 2038, 2039, 2040, 2041], 2042: [2021, 2042, 2043, 2058, 2059, 2069, 2070, 2071], 2054: [2050, 2051, 2052, 2053, 2054, 2055, 2056, 2057], 2065: [2061, 2062, 2063, 2064, 2065, 2066, 2067, 2068]}
{1625: [1621, 1622, 1623, 1624, 1625, 1626, 1627, 1628], 1678: [1617, 1618, 1619, 1620, 1676, 1677, 1678, 1679], 1684: [1680, 1681, 1682, 1683, 1684, 1685, 1686, 1687], 1689: [1573, 1629, 1630, 1631, 1688, 1689, 1690, 1746], 1741: [1738, 1739, 1740, 1741, 1742, 1743, 1744, 1745], 1790: [1733, 1734, 1735, 1736, 1788, 1789, 1790, 1791], 1796: [1793, 1794, 1795, 1796, 1797, 1798, 1799, 1846], 1842: [1737, 1792, 1838, 1839, 1840, 1841, 1842, 1843], 1850: [1747, 1800, 1801, 1802, 1849, 1850, 1851, 1852], 1886: [1882, 1883, 1884, 1885, 1886, 1887, 1923, 1924], 1889: [1844, 1845, 1888, 1889], 1892: [1847, 1848, 1891, 1892, 1893, 1894, 1895, 1896], 1928: [1925, 1926, 1927, 1928, 1929, 1930, 1962, 1963], 1932: [1931, 1932, 1933, 1934, 1964, 1965, 1966, 1967]}
{14: [1, 2, 3, 4, 13, 14, 15, 16], 28: [10, 11, 12, 26, 27, 28, 29, 30], 42: [23, 24, 25, 40, 41, 42, 43, 61], 46: [31, 32, 44, 45, 46, 47, 48, 49], 64: [62, 63, 64, 65, 66, 67, 68], 81: [59, 60, 79, 80, 81, 82, 102, 103], 84: [83, 84], 86: [86, 87, 88, 89], 107: [104, 105, 106, 107, 108, 109, 110, 111], 127: [101, 125, 126, 127, 128, 151, 152, 153], 132: [129, 130, 131, 132, 133, 134, 135, 136], 158: [155, 156, 157, 158, 159, 160, 161, 162], 182: [154, 179, 180, 181, 182, 183, 211, 212], 186: [184, 185, 186, 187, 188, 189, 190], 216: [213, 214, 215, 216, 217, 218, 219, 220]}
{19: [5, 6, 7, 8, 17, 18, 19, 20], 37: [9, 21, 22, 33, 34, 35, 36, 37], 55: [38, 39, 53, 54, 55, 56, 57, 58], 71: [50, 51, 52, 69, 70, 71, 72, 73], 92: [90, 91, 92, 93, 112, 113], 95: [74, 75, 76, 95, 96, 97], 98: [77, 78, 98, 99, 100, 120, 121, 122], 116: [114, 115, 116, 117, 118, 119, 141, 142], 139: [137, 138, 139, 140, 163, 164, 165, 193], 145: [143, 144, 145, 146, 147, 171, 172, 173], 167: [166, 167, 168, 169, 170, 194, 195, 196], 199: [197, 198, 199, 200, 201, 229, 230, 231], 222: [191, 192, 221, 222, 223, 252, 253, 254], 225: [224, 225, 226, 227, 228, 255, 256, 257]}
{1224: [1167, 1168, 1169, 1222, 1223, 1224, 1225, 1226], 1276: [1219, 1220, 1221, 1272, 1273, 1274, 1275, 1276], 1280: [1227, 1277, 1278, 1279, 1280, 1281, 1282, 1283], 1285: [1228, 1229, 1230, 1231, 1284, 1285, 1286, 1287], 1337: [1333, 1334, 1335, 1336, 1337, 1338, 1339, 1340], 1388: [1329, 1330, 1331, 1332, 1386, 1387, 1388, 1389], 1393: [1390, 1391, 1392, 1393, 1449, 1450], 1395: [1395, 1396, 1397, 1451, 1452, 1453], 1399: [1341, 1342, 1343, 1344, 1398, 1399, 1400, 1401], 1447: [1443, 1444, 1445, 1446, 1447, 1448, 1505, 1563], 1456: [1454, 1455, 1456, 1457, 1458, 1514, 1515, 1572], 1503: [1501, 1502, 1503, 1504, 1559, 1560, 1561, 1562], 1509: [1506, 1507, 1508, 1509, 1510, 1511, 1512, 1513], 1567: [1564, 1565, 1566, 1567, 1568, 1569, 1570, 1571]}
{879: [876, 877, 878, 879, 880, 881, 927, 928], 980: [929, 930, 931, 979, 980, 981, 982, 983], 1029: [925, 926, 976, 977, 978, 1028, 1029, 1030], 1085: [1031, 1032, 1033, 1082, 1083, 1084, 1085, 1086], 1140: [1034, 1035, 1087, 1088, 1139, 1140, 1141, 1142], 1190: [1081, 1134, 1135, 1136, 1189, 1190, 1191, 1244], 1193: [1137, 1138, 1192, 1193, 1194, 1195, 1196, 1197], 1248: [1245, 1246, 1247, 1248, 1249, 1250, 1251, 1252], 1304: [1300, 1301, 1302, 1303, 1304, 1305, 1306, 1307], 1360: [1357, 1358, 1359, 1360], 1364: [1308, 1309, 1362, 1363, 1364, 1365, 1366, 1423], 1418: [1414, 1415, 1416, 1417, 1418, 1419, 1420, 1421], 1475: [1473, 1474, 1475, 1476, 1477, 1478, 1534, 1535], 1479: [1422, 1479, 1480, 1481, 1536, 1537, 1538, 1539]}
{248: [244, 245, 246, 247, 248, 249, 250, 251], 280: [276, 277, 278, 279, 280, 281, 282, 283], 314: [310, 311, 312, 313, 314, 315, 316, 317], 348: [344, 345, 346, 347, 348, 349, 350, 351], 352: [284, 285, 318, 319, 352, 353, 388, 389], 384: [380, 381, 382, 383, 384, 385, 386, 387], 420: [418, 419, 420, 456, 457, 458], 422: [422, 423, 424, 425, 426, 460], 463: [461, 462, 463, 464, 502, 503, 543, 584], 498: [459, 495, 496, 497, 498, 499, 500, 501], 538: [535, 536, 537, 538, 539, 540, 541, 542], 579: [576, 577, 578, 579, 580, 581, 582, 583], 621: [618, 619, 620, 621, 622, 664, 665, 666], 624: [623, 624, 625, 626, 667, 668, 669, 670]}
{1530: [1471, 1472, 1529, 1530, 1531, 1532, 1533, 1587], 1643: [1583, 1584, 1585, 1586, 1641, 1642, 1643, 1644], 1647: [1588, 1589, 1590, 1591, 1646, 1647, 1648, 1649], 1705: [1645, 1703, 1704, 1705, 1706, 1707, 1708, 1762], 1759: [1700, 1701, 1702, 1757, 1758, 1759, 1760, 1761], 1818: [1763, 1764, 1765, 1816, 1817, 1818, 1819, 1820], 1864: [1812, 1813, 1814, 1815, 1862, 1863, 1864, 1865], 1867: [1866, 1867, 1868, 1869, 1870], 1909: [1906, 1907, 1908, 1909, 1910], 1912: [1912, 1913, 1914], 1949: [1945, 1946, 1947, 1948, 1949, 1950, 1951, 1952], 1982: [1978, 1979, 1980, 1981, 1982, 1983, 1984, 1985], 2009: [2005, 2006, 2007, 2008, 2009, 2010, 2011, 2012], 2030: [2026, 2027, 2028, 2029, 2030, 2031, 2032, 2033], 2046: [2044, 2045, 2046, 2047, 2048, 2049, 2060]}
{175: [123, 124, 148, 149, 150, 174, 175, 176], 205: [177, 202, 203, 204, 205, 206, 207, 237], 266: [234, 235, 236, 265, 266, 267, 268, 269], 296: [232, 233, 263, 264, 295, 296, 297, 298], 332: [299, 300, 329, 330, 331, 332, 333, 334], 366: [363, 364, 365, 366, 367], 369: [301, 302, 335, 336, 368, 369, 370, 371], 401: [399, 400, 401], 404: [403, 404, 405, 406, 407, 408], 439: [436, 437, 438, 439, 440, 441], 443: [442, 443, 444, 445, 481, 482, 483, 484], 477: [474, 475, 476, 477, 478, 479, 480, 514], 517: [515, 516, 517, 518, 519, 520, 559, 560], 522: [521, 522, 523, 524, 561, 562, 563, 564], 556: [554, 555, 556, 557, 558, 595, 596, 597]}
{240: [178, 208, 209, 210, 239, 240, 241, 242], 272: [238, 243, 270, 271, 272, 273, 274, 275], 306: [303, 304, 305, 306, 307, 308, 309], 340: [337, 338, 339, 340, 341, 342, 343], 376: [372, 373, 374, 375, 376, 377, 378, 379], 412: [410, 411, 412], 414: [414, 415, 416, 417], 447: [409, 446, 447, 448, 485, 486, 525, 526], 451: [449, 450, 451, 452, 453, 454, 455], 490: [487, 488, 489, 490, 491, 492, 493, 494], 530: [527, 528, 529, 530, 531, 532, 533, 534], 567: [565, 566, 567, 568, 607, 608, 609, 610], 571: [569, 570, 571, 572, 573, 574, 575, 611], 614: [612, 613, 614, 615, 616, 617, 658, 659], 655: [650, 651, 652, 653, 654, 655, 656, 657]}
{1520: [1461, 1462, 1518, 1519, 1520, 1521, 1522, 1523], 1576: [1459, 1460, 1516, 1517, 1574, 1575, 1576, 1577], 1638: [1579, 1580, 1581, 1582, 1637, 1638, 1639, 1640], 1693: [1632, 1633, 1634, 1691, 1692, 1693, 1694, 1748], 1695: [1578, 1635, 1636, 1695, 1696, 1697, 1698, 1699], 1752: [1749, 1750, 1751, 1752, 1753, 1754, 1755, 1756], 1807: [1803, 1804, 1805, 1806, 1807, 1808, 1809, 1810], 1857: [1811, 1855, 1856, 1857, 1858, 1859, 1860, 1861], 1898: [1853, 1854, 1897, 1898, 1899, 1900, 1935, 1936], 1902: [1902, 1903, 1904, 1905], 1939: [1937, 1938, 1939, 1940, 1941, 1942, 1943, 1944], 1972: [1968, 1969, 1970, 1971, 1972, 1973, 1974, 1975], 1999: [1995, 1996, 1997, 1998, 1999, 2000, 2001, 2022], 2003: [1976, 1977, 2002, 2003, 2004, 2023, 2024, 2025]}
{292: [259, 260, 261, 262, 291, 292, 293, 294], 322: [286, 287, 288, 320, 321, 322, 323, 354], 324: [258, 289, 290, 324, 325, 326, 327, 328], 358: [355, 356, 357, 358, 359, 360, 361, 362], 394: [390, 391, 392, 393, 394, 395, 396, 397], 430: [427, 428, 429, 430], 434: [398, 432, 433, 434, 435, 473, 512, 513], 469: [465, 466, 467, 468, 469, 470, 471, 472], 508: [504, 505, 506, 507, 508, 509, 510, 511], 548: [544, 545, 546, 547, 548, 549, 550, 551], 589: [585, 586, 587, 588, 589, 590, 591, 592], 593: [552, 553, 593, 594, 635, 636, 679, 680], 631: [627, 628, 629, 630, 631, 632, 633, 634], 675: [671, 672, 673, 674, 675, 676, 677, 678]}
{601: [599, 600, 601, 602, 603, 604, 605, 606], 640: [598, 637, 638, 639, 640, 641, 642, 684], 687: [643, 644, 645, 685, 686, 687, 688, 689], 691: [646, 647, 648, 649, 690, 691, 692, 693], 726: [681, 682, 683, 725, 726, 727, 771, 772], 731: [728, 729, 730, 731, 732, 733, 734, 735], 777: [775, 776, 777, 778, 779, 780], 782: [736, 737, 738, 781, 782, 783, 784, 785], 821: [773, 774, 818, 819, 820, 821, 822, 823], 827: [825, 826, 827, 828, 829, 830, 831, 832], 867: [866, 867, 868, 869, 915, 916, 966, 967], 872: [870, 871, 872, 873, 874, 875], 921: [917, 918, 919, 920, 921, 922, 923, 924], 972: [968, 969, 970, 971, 972, 973, 974, 975]}
{706: [660, 661, 662, 663, 703, 704, 705, 706], 753: [707, 708, 749, 750, 751, 752, 753, 754], 756: [709, 710, 711, 712, 755, 756, 757, 758], 800: [796, 797, 798, 799, 800, 801, 802, 803], 847: [844, 845, 846, 847], 849: [849, 850], 852: [804, 805, 851, 852, 853, 901, 902], 897: [893, 894, 895, 896, 897, 898, 899, 900], 948: [944, 945, 946, 947, 948, 949, 950, 951], 1000: [996, 997, 998, 999, 1000, 1001, 1002], 1004: [952, 953, 1003, 1004, 1005, 1056, 1057, 1058], 1053: [1049, 1050, 1051, 1052, 1053, 1054, 1055, 1106], 1104: [1102, 1103, 1104, 1105, 1157, 1158, 1159, 1214], 1109: [1107, 1108, 1109, 1110, 1111, 1164, 1165, 1166], 1161: [1160, 1161, 1162, 1163, 1215, 1216, 1217, 1218]}
{718: [713, 714, 715, 716, 717, 718, 719, 720], 764: [759, 760, 761, 762, 763, 764, 765, 766], 768: [721, 722, 723, 724, 767, 768, 769, 770], 811: [808, 809, 810, 811, 812, 813, 814, 815], 855: [806, 807, 854, 855, 856, 903, 904], 858: [857, 858], 860: [860, 861, 862], 864: [816, 817, 863, 864, 865, 912, 913, 914], 908: [905, 906, 907, 908, 909, 910, 911, 959], 956: [954, 955, 956, 957, 958, 1006, 1007, 1008], 962: [960, 961, 962, 963, 964, 965, 1014, 1015], 1011: [1009, 1010, 1011, 1012, 1013, 1063, 1064, 1116], 1061: [1059, 1060, 1061, 1062, 1112, 1113, 1114, 1115], 1066: [1065, 1066, 1067, 1068, 1118, 1119, 1120, 1121], 1172: [1117, 1170, 1171, 1172, 1173, 1174, 1175, 1176]}
{1201: [1145, 1146, 1147, 1148, 1200, 1201, 1202, 1203], 1255: [1143, 1144, 1198, 1199, 1253, 1254, 1255, 1256], 1260: [1204, 1205, 1206, 1258, 1259, 1260, 1261, 1262], 1314: [1257, 1310, 1311, 1312, 1313, 1314, 1315, 1316], 1370: [1367, 1368, 1369, 1370], 1374: [1317, 1318, 1319, 1372, 1373, 1374, 1375, 1376], 1428: [1424, 1425, 1426, 1427, 1428, 1429, 1430, 1431], 1486: [1482, 1483, 1484, 1485, 1486, 1487, 1488, 1489], 1490: [1432, 1433, 1490, 1491, 1548, 1549, 1606, 1607], 1544: [1540, 1541, 1542, 1543, 1544, 1545, 1546, 1547], 1602: [1598, 1599, 1600, 1601, 1602, 1603, 1604, 1605], 1661: [1657, 1658, 1659, 1660, 1661, 1662, 1663, 1664], 1718: [1716, 1717, 1718, 1719, 1720, 1773, 1774, 1775], 1722: [1665, 1666, 1721, 1722, 1723, 1776, 1777, 1778]}
{1023: [1020, 1021, 1022, 1023, 1024, 1025, 1026, 1027], 1071: [1016, 1017, 1018, 1019, 1069, 1070, 1071, 1072], 1076: [1073, 1074, 1075, 1076, 1077, 1078, 1079, 1080], 1129: [1126, 1127, 1128, 1129, 1130, 1131, 1132, 1133], 1179: [1122, 1123, 1124, 1125, 1177, 1178, 1179, 1180], 1184: [1181, 1182, 1183, 1184, 1185, 1186, 1187, 1188], 1239: [1236, 1237, 1238, 1239, 1240, 1241, 1242, 1243], 1290: [1232, 1233, 1234, 1235, 1288, 1289, 1290, 1291], 1295: [1293, 1294, 1295, 1296, 1297, 1298], 1349: [1292, 1345, 1346, 1347, 1348, 1349, 1350, 1351], 1354: [1299, 1353, 1354, 1355, 1356, 1413], 1406: [1402, 1403, 1404, 1405, 1406, 1407, 1463, 1464], 1409: [1408, 1409, 1410, 1411, 1412, 1465, 1466, 1524], 1468: [1467, 1468, 1469, 1470, 1525, 1526, 1527, 1528]}
{1211: [1207, 1208, 1209, 1210, 1211, 1212, 1213, 1263], 1267: [1264, 1265, 1266, 1267, 1268, 1269, 1270, 1271], 1324: [1321, 1322, 1323, 1324, 1325, 1326, 1327, 1328], 1378: [1320, 1377, 1378, 1379, 1380, 1434, 1492, 1550], 1382: [1382, 1383, 1384, 1385], 1438: [1435, 1436, 1437, 1438, 1439, 1440, 1441, 1442], 1496: [1493, 1494, 1495, 1496, 1497, 1498, 1499, 1500], 1554: [1551, 1552, 1553, 1554, 1555, 1556, 1557, 1558], 1612: [1609, 1610, 1611, 1612, 1613, 1614, 1615, 1616], 1669: [1608, 1667, 1668, 1669, 1724, 1725, 1726, 1727], 1671: [1670, 1671, 1672, 1673, 1674, 1675, 1728, 1783], 1730: [1729, 1730, 1731, 1732, 1784, 1785, 1786, 1787], 1781: [1779, 1780, 1781, 1782, 1829, 1830, 1831, 1832], 1835: [1833, 1834, 1835, 1836, 1837, 1879, 1880, 1881]}
