The optimal value is 187818.6116
Service ways: {26, 6, 15}
Inverters: 734 725 343 366 89 715 81 388
Cable routing:
{569: [532, 533, 567, 568, 569, 570, 571, 603], 606: [572, 604, 605, 606, 607, 608, 609, 610], 640: [637, 638, 639, 640, 641, 642, 643, 644], 668: [601, 602, 635, 636, 667, 668, 669, 700], 672: [670, 671, 672, 673, 674, 675], 677: [611, 645, 646, 647, 676, 677, 678, 679], 704: [701, 702, 703, 704, 705, 706, 707, 708], 733: [730, 731, 732, 733], 735: [735, 736, 737], 739: [709, 710, 738, 739, 740, 767, 768, 769], 763: [759, 760, 761, 762, 763, 764, 765, 766], 792: [788, 789, 790, 791, 792, 793, 794, 795], 820: [816, 817, 818, 819, 820, 821, 822], 824: [796, 797, 823, 824, 825, 852, 853, 854], 848: [844, 845, 846, 847, 848, 849, 850, 851]}
{491: [487, 488, 489, 490, 491, 492, 493, 494], 528: [524, 525, 526, 527, 528, 529, 530, 531], 563: [559, 560, 561, 562, 563, 564, 565, 566], 597: [593, 594, 595, 596, 597, 598, 599, 600], 631: [627, 628, 629, 630, 631, 632, 633, 634], 663: [659, 660, 661, 662, 663, 664, 665, 666], 695: [691, 692, 693, 694, 695, 696, 697, 698], 724: [721, 722, 723, 724], 728: [699, 726, 727, 728, 729, 758, 786, 787], 754: [750, 751, 752, 753, 754, 755, 756, 757], 783: [779, 780, 781, 782, 783, 784, 785, 811], 809: [807, 808, 809, 810, 835, 836, 837, 838], 813: [812, 813, 814, 815, 840, 841, 842, 843], 867: [839, 863, 864, 865, 866, 867, 868, 869]}
{96: [73, 74, 95, 96, 97, 98, 121, 122], 152: [124, 125, 126, 151, 152, 153, 154, 155], 179: [123, 148, 149, 150, 177, 178, 179, 180], 211: [181, 182, 207, 208, 209, 210, 211, 212], 214: [156, 183, 184, 185, 213, 214, 215, 246], 242: [238, 239, 240, 241, 242, 243, 244, 245], 275: [272, 273, 274, 275, 276, 277, 278, 279], 309: [306, 307, 308, 309, 310, 311, 312, 313], 339: [270, 271, 304, 305, 338, 339, 374, 375], 342: [340, 341, 342], 344: [344, 345, 346, 347], 379: [376, 377, 378, 379, 416, 417], 381: [380, 381, 382, 383, 418, 419, 420], 414: [411, 412, 413, 414, 415, 451, 452, 453], 456: [454, 455, 456, 457, 458, 459, 495, 496]}
{296: [293, 294, 295, 296, 297, 298, 299, 300], 330: [327, 328, 329, 330, 331, 332], 335: [301, 302, 303, 333, 334, 335, 336, 337], 360: [322, 323, 324, 358, 359, 360, 396, 397], 363: [325, 326, 361, 362, 363, 364, 365, 399], 369: [367, 368, 369, 370, 371, 372, 373, 406], 403: [400, 401, 402, 403, 404, 405], 408: [407, 408, 409, 410, 447, 448, 449, 450], 437: [398, 435, 436, 437, 438, 473, 474, 475], 442: [439, 440, 441, 442, 443, 444, 445, 446], 479: [476, 477, 478, 479, 480, 481, 482, 519], 484: [483, 484, 485, 486, 520, 521, 522, 523], 513: [510, 511, 512, 513, 514, 546, 547, 548], 516: [515, 516, 517, 518, 549, 550, 551, 552]}
{9: [3, 4, 8, 9, 10, 11, 17, 18], 33: [20, 21, 22, 32, 33, 34, 35, 36], 46: [19, 29, 30, 31, 44, 45, 46, 47], 67: [48, 49, 63, 64, 65, 66, 67, 68], 70: [50, 51, 52, 53, 69, 70, 71, 72], 88: [85, 86, 87, 88], 92: [90, 91, 92, 93, 94, 118, 119, 120], 115: [111, 112, 113, 114, 115, 116, 117, 142], 140: [138, 139, 140, 141, 167, 168, 169, 170], 144: [143, 144, 145, 146, 147, 172, 173, 174], 201: [171, 197, 198, 199, 200, 201, 202, 203], 205: [175, 176, 204, 205, 206, 236, 237, 269], 232: [228, 229, 230, 231, 232, 233, 234, 235], 265: [261, 262, 263, 264, 265, 266, 267, 268]}
{587: [553, 554, 584, 585, 586, 587, 588, 622], 590: [555, 556, 557, 558, 589, 590, 591, 592], 617: [581, 582, 583, 615, 616, 617, 618, 619], 652: [620, 621, 648, 649, 650, 651, 652, 653], 656: [623, 624, 625, 626, 655, 656, 657, 658], 685: [654, 683, 684, 685, 686, 687, 688, 716], 712: [680, 681, 682, 711, 712, 713, 714, 741], 719: [689, 690, 717, 718, 719, 720, 748, 749], 744: [742, 743, 744, 745, 746, 747], 773: [770, 771, 772, 773, 774, 802], 776: [775, 776, 777, 778, 803, 804, 805, 806], 800: [798, 799, 800, 801, 826, 827, 828, 829], 832: [830, 831, 832, 833, 834, 860, 861, 862], 857: [855, 856, 857, 858, 859, 870, 871, 872]}
{15: [1, 2, 5, 6, 7, 14, 15, 16], 25: [12, 13, 23, 24, 25, 26, 27, 28], 40: [37, 38, 39, 40, 41, 42, 43], 59: [55, 56, 57, 58, 59, 60, 61, 62], 76: [54, 75, 76, 77, 99, 100, 101, 102], 80: [78, 79, 80], 82: [82, 83, 84], 107: [103, 104, 105, 106, 107, 108, 109, 110], 129: [127, 128, 129, 130, 157, 158, 187, 188], 134: [131, 132, 133, 134, 135, 136, 137], 163: [159, 160, 161, 162, 163, 164, 165, 166], 193: [189, 190, 191, 192, 193, 194, 195, 196], 224: [220, 221, 222, 223, 224, 225, 226, 227], 254: [219, 252, 253, 254, 255, 287, 288, 289], 257: [256, 257, 258, 259, 260, 290, 291, 292]}
{249: [186, 216, 217, 218, 247, 248, 249, 250], 284: [251, 280, 281, 282, 283, 284, 285, 286], 318: [314, 315, 316, 317, 318, 319, 320, 321], 352: [348, 349, 350, 351, 352, 353, 354, 355], 387: [384, 385, 386, 387], 392: [356, 357, 390, 391, 392, 393, 394, 395], 425: [389, 421, 422, 423, 424, 425, 426, 427], 429: [428, 429, 430, 431, 432, 433, 434, 468], 464: [460, 461, 462, 463, 464, 465, 466, 467], 470: [469, 470, 471, 472, 506, 507, 508, 509], 501: [497, 498, 499, 500, 501, 502, 503, 504], 538: [534, 535, 536, 537, 538, 539, 573, 574], 541: [505, 540, 541, 542, 543, 544, 545, 575], 578: [576, 577, 578, 579, 580, 612, 613, 614]}
