The optimal value is 159575.9180
Service ways: {25, 5, 15}
Inverters: 663 354 109 628 403 99 394
Cable routing:
{568: [566, 567, 568, 569, 570, 571, 572, 573], 593: [591, 592, 593, 594, 595, 596, 597, 598], 614: [588, 589, 590, 612, 613, 614, 615, 616], 640: [617, 618, 637, 638, 639, 640, 641, 662], 643: [619, 620, 621, 622, 642, 643, 644, 645], 659: [635, 636, 658, 659, 660, 661, 681, 682], 664: [664, 665, 666, 667], 686: [683, 684, 685, 686, 687, 688, 689, 690], 703: [680, 701, 702, 703, 704, 722, 723, 724], 707: [705, 706, 707, 708, 709, 710, 711, 712], 728: [725, 726, 727, 728, 729, 730, 731, 732], 742: [740, 741, 742, 743, 752, 753, 754, 755], 747: [744, 745, 746, 747, 748, 749, 750, 751], 759: [756, 757, 758, 759, 760, 761, 762, 763]}
{146: [117, 118, 119, 120, 144, 145, 146, 147], 175: [148, 172, 173, 174, 175, 176, 177, 206], 234: [202, 203, 204, 205, 232, 233, 234, 235], 261: [201, 230, 231, 260, 261, 262, 263, 290], 266: [236, 237, 238, 264, 265, 266, 267, 268], 294: [291, 292, 293, 294, 295, 296, 297, 298], 324: [320, 321, 322, 323, 324, 325, 326, 327], 353: [350, 351, 352, 353], 357: [328, 355, 356, 357, 358, 388, 417, 418], 384: [380, 381, 382, 383, 384, 385, 386, 387], 414: [410, 411, 412, 413, 414, 415, 416, 439], 443: [440, 441, 442, 443, 444, 445, 446, 447], 471: [468, 469, 470, 471, 472, 473, 474, 475], 499: [496, 497, 498, 499, 500, 501, 502, 503]}
{21: [7, 8, 9, 19, 20, 21, 22, 23], 35: [5, 6, 17, 18, 34, 35, 36, 37], 60: [38, 39, 56, 57, 58, 59, 60, 61], 63: [40, 41, 42, 62, 63, 64, 65, 66], 84: [80, 81, 82, 83, 84, 85, 86, 87], 108: [105, 106, 107, 108], 110: [110, 111], 113: [88, 89, 90, 112, 113, 114, 115, 116], 136: [132, 133, 134, 135, 136, 137, 138], 141: [139, 140, 141, 142, 143, 169, 170, 171], 164: [160, 161, 162, 163, 164, 165, 166, 167], 193: [189, 190, 191, 192, 193, 194, 195], 197: [168, 196, 197, 198, 199, 200, 226, 227], 222: [218, 219, 220, 221, 222, 223, 224, 225], 252: [249, 250, 251, 252, 253, 254, 255, 256]}
{530: [526, 527, 528, 529, 530, 531, 532, 556], 551: [523, 524, 525, 549, 550, 551, 552, 553], 579: [554, 555, 575, 576, 577, 578, 579, 580], 583: [557, 558, 559, 582, 583, 584, 585, 586], 605: [581, 602, 603, 604, 605, 606, 607, 608], 624: [599, 600, 601, 623, 624, 625, 646, 647], 627: [626, 627], 629: [629, 630], 632: [587, 609, 610, 611, 631, 632, 633, 634], 651: [648, 649, 650, 651, 652, 674, 675, 676], 654: [653, 654, 655, 656, 657, 677, 678, 679], 671: [668, 669, 670, 671, 672, 673, 691, 692], 695: [693, 694, 695, 696, 697, 698, 699, 700], 716: [713, 714, 715, 716, 717, 733, 734, 735], 718: [718, 719, 720, 721, 736, 737, 738, 739]}
{283: [279, 280, 281, 282, 283, 284, 285, 286], 288: [228, 229, 257, 258, 259, 287, 288, 289], 313: [309, 310, 311, 312, 313, 314, 315, 316], 343: [339, 340, 341, 342, 343, 344, 345], 347: [317, 318, 319, 346, 347, 348, 349, 377], 373: [369, 370, 371, 372, 373, 374, 375, 376], 402: [399, 400, 401, 402], 404: [404, 405], 407: [378, 379, 406, 407, 408, 409, 437, 438], 433: [429, 430, 431, 432, 433, 434, 435, 436], 462: [458, 459, 460, 461, 462, 463, 464, 465], 490: [486, 487, 488, 489, 490, 491, 492], 494: [466, 467, 493, 494, 495, 522, 548, 574], 518: [514, 515, 516, 517, 518, 519, 520, 521], 544: [540, 541, 542, 543, 544, 545, 546, 547]}
{14: [1, 2, 3, 4, 13, 14, 15, 16], 28: [10, 11, 12, 26, 27, 28, 29, 30], 47: [24, 25, 43, 44, 45, 46, 47, 48], 53: [31, 32, 33, 51, 52, 53, 54, 55], 74: [49, 50, 71, 72, 73, 74, 75, 76], 94: [67, 68, 69, 70, 91, 92, 93, 94], 98: [95, 96, 97, 98], 102: [77, 78, 79, 100, 101, 102, 103, 104], 123: [121, 122, 123, 124, 125, 149, 150, 151], 129: [127, 128, 129, 130, 131, 157, 158, 159], 154: [126, 152, 153, 154, 155, 156, 182, 183], 180: [178, 179, 180, 181, 207, 208, 209, 239], 186: [184, 185, 186, 187, 188, 215, 216, 217], 212: [210, 211, 212, 213, 214, 240, 241, 242]}
{273: [243, 244, 269, 270, 271, 272, 273, 274], 276: [245, 246, 247, 248, 275, 276, 277, 278], 304: [301, 302, 303, 304, 305, 306, 307, 308], 334: [331, 332, 333, 334, 335, 336, 337, 338], 360: [299, 300, 329, 330, 359, 360, 361, 389], 364: [362, 363, 364, 365, 366, 367, 368], 393: [390, 391, 392, 393, 423], 396: [395, 396, 397, 398, 425, 426, 427, 428], 421: [419, 420, 421, 422, 448, 449, 450, 476], 453: [424, 451, 452, 453, 454, 455, 456, 457], 481: [477, 478, 479, 480, 481, 482, 483, 484], 508: [504, 505, 506, 507, 508, 509, 510, 533], 512: [485, 511, 512, 513, 538, 539, 564, 565], 535: [534, 535, 536, 537, 560, 561, 562, 563]}
