The optimal value is 583190.9905
Service ways: {33, 71, 41, 10, 50, 22, 61}
Inverters: 769 1432 848 286 2170 248 878 1286 1405 809 779 2191 575 1648 277 2272 170 1991 2624 1330 2574 2467 2016 1683 1575
Cable routing:
{709: [487, 541, 542, 597, 653, 709, 766, 824], 712: [545, 600, 656, 712], 765: [596, 652, 708, 765, 823, 882, 942, 1002], 767: [598, 654, 710, 767, 825, 883, 884, 944], 768: [543, 544, 599, 655, 711, 768, 826, 885], 770: [546, 601, 657, 713, 770, 828, 887, 947], 771: [547, 602, 658, 714, 771, 829, 888, 948], 772: [548, 603, 659, 715, 772, 830, 889, 949], 773: [549, 604, 660, 716, 773, 831, 890, 950], 946: [827, 886, 945, 946, 1006, 1067, 1129, 1192], 1064: [943, 1003, 1063, 1064, 1125, 1126, 1188, 1189], 1066: [1004, 1005, 1065, 1066, 1127, 1128, 1190, 1191], 1068: [1007, 1008, 1068, 1069, 1130, 1131, 1193, 1194], 1070: [1009, 1010, 1070, 1071, 1132, 1133, 1195, 1196]}
{1170: [1105, 1106, 1107, 1108, 1168, 1169, 1170, 1171], 1173: [1109, 1110, 1111, 1172, 1173, 1174, 1237], 1176: [1112, 1113, 1114, 1175, 1176, 1177, 1178, 1240], 1366: [1301, 1366], 1427: [1232, 1296, 1361, 1427, 1494, 1559, 1624, 1689], 1428: [1233, 1297, 1362, 1428, 1495, 1560, 1625, 1690], 1429: [1234, 1298, 1363, 1429, 1496, 1561, 1626, 1691], 1430: [1235, 1299, 1364, 1430, 1497, 1562, 1627, 1692], 1431: [1236, 1300, 1365, 1431, 1498, 1563, 1628, 1693], 1433: [1238, 1302, 1367, 1433, 1500, 1565, 1630, 1695], 1434: [1239, 1303, 1368, 1434, 1501, 1566, 1631, 1696], 1435: [1304, 1369, 1435, 1502, 1567, 1632, 1697], 1436: [1241, 1305, 1370, 1436, 1503, 1568, 1633, 1698], 1437: [1242, 1306, 1371, 1437, 1504, 1569, 1634, 1699], 1499: [1499, 1564, 1629, 1694]}
{564: [508, 509, 510, 561, 562, 563, 564, 619], 621: [511, 512, 565, 566, 620, 621, 677, 733], 622: [513, 514, 567, 568, 622, 623, 678, 679], 624: [515, 516, 569, 570, 624, 625, 680, 681], 843: [616, 672, 728, 785, 843, 902, 962, 1022], 844: [617, 673, 729, 786, 844, 903, 963, 1023], 845: [618, 674, 730, 787, 845, 904, 964, 1024], 846: [675, 731, 788, 846, 905, 965, 1025, 1086], 847: [676, 732, 789, 847, 906, 966, 1026, 1087], 849: [734, 790, 791, 849, 908, 968, 1028, 1089], 850: [735, 792, 850, 909, 969, 1029, 1090, 1091], 851: [736, 737, 793, 794, 851, 910, 970, 1030], 907: [907, 967, 1027, 1088], 911: [852, 911, 912, 971, 972, 1031, 1032, 1092]}
{68: [29, 30, 31, 67, 68, 69, 107, 109], 106: [27, 28, 65, 66, 105, 106, 148, 192], 111: [33, 34, 71, 72, 111, 112, 153, 154], 196: [32, 70, 110, 152, 196, 197, 241, 242], 199: [35, 73, 113, 155, 199, 200, 244, 245], 239: [108, 150, 194, 239], 283: [147, 191, 236, 283, 331, 332, 382, 383], 285: [149, 193, 237, 238, 284, 285, 334, 385], 287: [151, 195, 240, 287, 288, 289, 336, 387], 290: [198, 243, 290, 291, 339, 390, 443, 496], 340: [292, 340, 341, 391, 392, 444, 445, 497], 388: [337, 338, 388, 389, 441, 442, 494, 495], 437: [333, 384, 435, 436, 437, 488, 489, 490], 439: [335, 386, 438, 439, 440, 491, 492, 493]}
{1849: [1783, 1784, 1785, 1848, 1849, 1850, 1912, 1913], 1852: [1786, 1787, 1788, 1851, 1852, 1853, 1915, 1916], 1855: [1789, 1790, 1791, 1854, 1855, 1856, 1919, 1920], 2107: [1980, 2044, 2107], 2164: [1974, 2038, 2101, 2164, 2224, 2282, 2337, 2390], 2165: [1975, 2039, 2102, 2165, 2225, 2283, 2338, 2391], 2166: [1976, 2040, 2103, 2166, 2226, 2284, 2339, 2392], 2167: [1977, 2041, 2104, 2167, 2227, 2285, 2340, 2393], 2168: [1914, 1978, 2042, 2105, 2168, 2228, 2286, 2341], 2169: [1979, 2043, 2106, 2169, 2229, 2287, 2342], 2171: [1917, 1981, 2045, 2108, 2171, 2231, 2289, 2344], 2172: [1918, 1982, 2046, 2109, 2172, 2232, 2290, 2345], 2173: [1983, 2047, 2110, 2173, 2233, 2291, 2346], 2174: [1984, 2048, 2111, 2174, 2234, 2292, 2347, 2348], 2230: [2230, 2288, 2343]}
{39: [1, 2, 3, 38, 39, 40, 76, 77], 43: [6, 7, 8, 43, 44, 45, 81, 82], 79: [4, 5, 41, 42, 78, 79, 80, 119], 115: [36, 37, 74, 75, 114, 115, 156, 157], 203: [117, 159, 203], 246: [201, 246, 293, 342, 393, 446], 247: [116, 158, 202, 247, 294, 343, 394, 447], 249: [118, 160, 204, 249, 296, 345, 396, 449], 250: [161, 205, 250, 297, 346, 397, 450], 251: [120, 162, 206, 251, 298, 347, 398, 451], 252: [121, 163, 207, 252, 299, 348, 399, 452], 253: [122, 164, 208, 253, 300, 349, 400, 453], 254: [83, 123, 165, 209, 254, 301, 350, 401], 255: [166, 210, 255, 302, 351, 402, 454, 455], 295: [295, 344, 395, 448]}
{592: [536, 537, 538, 591, 592, 593, 647, 648], 644: [532, 533, 587, 588, 643, 644, 700, 757], 646: [534, 535, 589, 590, 645, 646, 702, 759], 650: [539, 540, 594, 595, 650, 651, 706, 707], 819: [704, 761, 819], 873: [699, 756, 814, 873, 933, 934, 993, 1054], 875: [701, 758, 815, 816, 874, 875, 935, 995], 877: [703, 760, 817, 818, 876, 877, 937, 997], 879: [649, 705, 762, 820, 879, 939, 999, 1060], 880: [763, 821, 880, 940, 1000, 1061, 1123, 1186], 881: [764, 822, 881, 941, 1001, 1062, 1124, 1187], 938: [938, 998], 1057: [936, 996, 1056, 1057, 1058, 1118, 1119, 1182], 1117: [994, 1055, 1115, 1116, 1117, 1179, 1180, 1181], 1121: [1059, 1120, 1121, 1122, 1183, 1184, 1185]}
{978: [917, 918, 919, 920, 978, 979, 980, 1038], 1035: [913, 914, 915, 974, 975, 1034, 1035, 1096], 1097: [916, 976, 977, 1036, 1037, 1097, 1159, 1222], 1282: [1093, 1155, 1218, 1282, 1346, 1411, 1477, 1544], 1283: [973, 1033, 1094, 1156, 1219, 1283, 1347, 1412], 1284: [1095, 1157, 1220, 1284, 1348, 1413, 1479, 1546], 1285: [1158, 1221, 1285, 1349, 1414], 1287: [1098, 1160, 1223, 1287, 1351, 1416, 1482], 1288: [1099, 1161, 1224, 1288, 1352, 1417, 1483, 1550], 1289: [1039, 1100, 1162, 1225, 1289, 1353, 1418, 1484], 1290: [1040, 1101, 1163, 1226, 1290, 1354, 1419, 1485], 1481: [1350, 1415, 1481, 1548, 1549, 1613, 1614, 1678], 1610: [1478, 1545, 1609, 1610, 1674, 1675, 1739, 1740], 1612: [1480, 1547, 1611, 1612, 1676, 1677, 1741, 1742]}
{1146: [1082, 1083, 1084, 1085, 1144, 1145, 1146, 1147], 1340: [1149, 1212, 1276, 1340], 1400: [1207, 1271, 1335, 1400, 1466, 1533, 1598, 1663], 1401: [1208, 1272, 1336, 1401, 1467, 1534, 1599, 1664], 1402: [1209, 1273, 1337, 1402, 1468, 1535, 1600, 1665], 1403: [1210, 1274, 1338, 1403, 1469, 1536, 1601, 1666], 1404: [1148, 1211, 1275, 1339, 1404, 1470, 1537, 1602], 1406: [1150, 1213, 1277, 1341, 1406, 1472, 1539, 1604], 1407: [1151, 1214, 1278, 1342, 1407, 1473, 1540, 1605], 1408: [1152, 1215, 1279, 1343, 1408, 1474, 1541, 1606], 1409: [1153, 1216, 1280, 1344, 1409, 1475, 1542, 1607], 1410: [1154, 1217, 1281, 1345, 1410, 1476, 1543, 1608], 1603: [1471, 1538, 1603, 1667, 1668, 1669, 1733, 1734], 1671: [1670, 1671, 1672, 1673, 1735, 1736, 1737, 1738]}
{476: [319, 370, 371, 423, 424, 476, 477, 531], 527: [420, 421, 473, 474, 526, 527, 528, 583], 584: [369, 422, 475, 529, 530, 584, 585, 586], 693: [580, 581, 636, 637, 692, 693, 750, 808], 751: [582, 638, 694, 751], 806: [635, 691, 747, 748, 805, 806, 865, 925], 810: [639, 695, 752, 810, 869, 929, 989, 1050], 811: [640, 696, 753, 811, 870, 930, 990, 1051], 812: [641, 697, 754, 812, 871, 931, 991, 1052], 813: [642, 698, 755, 813, 872, 932, 992, 1053], 864: [804, 863, 864, 924, 983, 984, 1044, 1045], 866: [749, 807, 866, 926, 985, 986, 1046, 1047], 922: [862, 921, 922, 923, 981, 982, 1042, 1043], 928: [867, 868, 927, 928, 987, 988, 1048, 1049]}
{553: [498, 499, 500, 550, 551, 552, 553, 554], 559: [504, 505, 506, 507, 558, 559, 560, 614], 610: [501, 502, 555, 556, 610, 611, 666, 722], 668: [503, 557, 612, 613, 668, 669, 724, 725], 774: [605, 661, 717, 774, 832, 891, 951, 1011], 775: [606, 662, 718, 775, 833, 892, 952, 1012], 776: [607, 663, 719, 776, 834, 893, 953, 1013], 777: [608, 664, 720, 777, 835, 894, 954, 1014], 778: [609, 665, 721, 778, 836, 895, 955, 1015], 780: [667, 723, 780, 781, 838, 897, 957, 1017], 783: [670, 726, 782, 783, 841, 900, 960, 1020], 784: [615, 671, 727, 784, 842, 901, 961, 1021], 837: [837, 896, 956, 1016], 898: [839, 840, 898, 899, 958, 959, 1018, 1019]}
{2123: [1997, 2059, 2060, 2121, 2122, 2123, 2183, 2184], 2125: [1934, 1998, 1999, 2061, 2062, 2124, 2125, 2185], 2131: [2005, 2068, 2131], 2133: [2007, 2008, 2070, 2071, 2133, 2134, 2193, 2251], 2186: [2000, 2063, 2126, 2186, 2242, 2243, 2244, 2299], 2187: [2001, 2064, 2127, 2187, 2245, 2300, 2353], 2188: [2002, 2065, 2128, 2188, 2246, 2301, 2354, 2405], 2189: [2003, 2066, 2129, 2189, 2247, 2302, 2355, 2406], 2190: [2004, 2067, 2130, 2190, 2248, 2303, 2356, 2407], 2192: [2006, 2069, 2132, 2192, 2250], 2195: [2009, 2072, 2135, 2195, 2196, 2253, 2254, 2309], 2304: [2249, 2304, 2357, 2408, 2455], 2307: [2194, 2252, 2307, 2308, 2360, 2411, 2458, 2500], 2358: [2305, 2306, 2358, 2359, 2409, 2410, 2456, 2457], 2412: [2361, 2362, 2412, 2413, 2459, 2460, 2501, 2502]}
{222: [95, 135, 136, 177, 178, 221, 222, 267], 315: [179, 223, 224, 268, 269, 314, 315, 316], 366: [270, 317, 318, 365, 366, 367, 417, 470], 413: [266, 313, 361, 362, 412, 413, 466, 519], 521: [364, 415, 468, 521], 571: [464, 517, 571, 626, 682, 738, 795, 853], 572: [465, 518, 572, 627, 683, 739, 796, 854], 574: [363, 414, 467, 520, 573, 574, 628, 629], 576: [416, 469, 522, 523, 576, 631, 632, 687], 578: [418, 471, 524, 577, 578, 633, 689, 745], 579: [368, 419, 472, 525, 579, 634, 690, 746], 741: [684, 685, 740, 741, 797, 798, 855, 856], 742: [630, 686, 742, 743, 799, 800, 857, 858], 801: [688, 744, 801, 802, 803, 859, 860, 861]}
{1382: [1252, 1253, 1316, 1317, 1381, 1382, 1447, 1448], 1384: [1254, 1255, 1318, 1319, 1383, 1384, 1449, 1450], 1386: [1257, 1258, 1321, 1322, 1386, 1387, 1452], 1388: [1259, 1260, 1323, 1324, 1388, 1389, 1454, 1521], 1518: [1256, 1320, 1385, 1451, 1518, 1583], 1644: [1514, 1579, 1644, 1709, 1774, 1839, 1903, 1967], 1645: [1515, 1580, 1645, 1710, 1775, 1840, 1904, 1968], 1646: [1516, 1581, 1646, 1711, 1776, 1841, 1905, 1969], 1647: [1517, 1582, 1647, 1712, 1777, 1842], 1649: [1519, 1584, 1649, 1714, 1779, 1844], 1650: [1453, 1520, 1585, 1586, 1650, 1651, 1715, 1716], 1652: [1455, 1522, 1587, 1652, 1717, 1782, 1847, 1911], 1713: [1713, 1778, 1843], 1845: [1780, 1781, 1845, 1846, 1909, 1910, 1973, 2037], 1907: [1906, 1907, 1908, 1970, 1971, 1972, 2035, 2036]}
{59: [20, 21, 22, 58, 59, 60, 99, 100], 101: [23, 24, 61, 62, 101, 102, 143, 144], 103: [25, 26, 63, 64, 103, 104, 145, 146], 139: [19, 57, 96, 97, 98, 138, 139, 183], 230: [141, 185, 230], 272: [225, 271, 272, 320, 321, 372, 425, 478], 273: [137, 180, 181, 226, 273, 322, 373, 426], 274: [182, 227, 274, 323, 374, 427, 479, 480], 275: [228, 275, 324, 375, 428, 481], 276: [140, 184, 229, 276, 325, 376, 429, 482], 278: [142, 186, 231, 278, 327, 378, 431, 484], 279: [187, 232, 279, 328, 379, 432, 485], 280: [188, 189, 233, 280, 329, 380, 433, 486], 281: [190, 234, 235, 281, 282, 330, 381, 434], 326: [326, 377, 430, 483]}
{2154: [2028, 2029, 2090, 2091, 2154, 2214], 2221: [2098, 2099, 2161, 2162, 2221, 2222, 2279, 2280], 2268: [2087, 2150, 2210, 2268, 2323, 2376, 2427], 2269: [2088, 2151, 2211, 2269, 2324, 2377, 2428], 2270: [2089, 2152, 2212, 2270, 2325, 2378, 2429], 2271: [2153, 2213, 2271, 2326, 2379, 2430], 2273: [2092, 2155, 2215, 2273, 2328, 2381, 2432, 2433], 2274: [2030, 2031, 2093, 2156, 2216, 2274, 2329, 2382], 2275: [2094, 2157, 2217, 2275, 2330, 2383, 2434, 2435], 2276: [2032, 2033, 2095, 2158, 2218, 2276, 2331, 2384], 2277: [2096, 2159, 2219, 2277, 2332, 2385, 2436, 2483], 2278: [2034, 2097, 2160, 2220, 2278, 2333, 2386, 2437], 2281: [2100, 2163, 2223, 2281, 2335, 2336, 2389, 2440], 2327: [2327, 2380, 2431], 2387: [2334, 2387, 2388, 2438, 2439, 2484, 2485, 2486]}
{48: [9, 10, 11, 46, 47, 48, 86, 126], 50: [12, 13, 14, 49, 50, 51, 88, 128], 90: [15, 16, 52, 53, 90, 91, 130, 131], 133: [18, 55, 56, 93, 94, 133, 134, 176], 167: [84, 85, 124, 125, 167, 211, 256, 303], 169: [87, 127, 168, 169, 212, 213, 258, 305], 171: [89, 129, 171, 172, 173, 215, 260, 307], 174: [17, 54, 92, 132, 174, 175, 218, 263], 214: [214, 259, 306, 355], 261: [216, 217, 261, 262, 308, 357, 408, 461], 264: [219, 220, 264, 265, 311, 312, 360, 411], 353: [257, 304, 352, 353, 403, 404, 456, 457], 358: [309, 310, 358, 359, 409, 410, 462, 463], 406: [354, 356, 405, 406, 407, 458, 459, 460]}
{1869: [1803, 1804, 1805, 1806, 1868, 1869, 1870, 1933], 1927: [1798, 1863, 1927], 1931: [1801, 1802, 1866, 1867, 1931, 1932, 1995, 1996], 1985: [1727, 1792, 1857, 1921, 1985, 2049, 2112, 2175], 1986: [1728, 1793, 1858, 1922, 1986, 2050, 2113, 2176], 1987: [1729, 1794, 1859, 1923, 1987, 2051, 2114, 2177], 1988: [1730, 1795, 1860, 1924, 1988, 2052, 2115, 2178], 1989: [1731, 1796, 1861, 1925, 1989, 2053, 2116, 2179], 1990: [1732, 1797, 1862, 1926, 1990, 2054], 1992: [1799, 1800, 1864, 1928, 1992, 2056, 2119, 2182], 1993: [1865, 1929, 1930, 1993, 1994, 2057, 2058, 2120], 2055: [2055, 2118, 2181], 2236: [2235, 2236, 2237, 2293, 2294, 2349, 2402, 2453], 2240: [2117, 2180, 2239, 2240, 2241, 2297, 2298, 2352], 2296: [2238, 2295, 2296, 2350, 2351, 2403, 2404, 2454]}
{2558: [2478, 2479, 2520, 2521, 2558, 2559, 2593, 2594], 2619: [2515, 2553, 2588, 2619, 2646, 2670], 2620: [2474, 2516, 2554, 2589, 2620, 2647, 2671, 2691], 2621: [2475, 2517, 2555, 2590, 2621, 2648, 2672, 2692], 2622: [2476, 2518, 2556, 2591, 2622, 2649, 2673, 2693], 2623: [2477, 2519, 2557, 2592, 2623, 2650, 2674, 2694], 2626: [2480, 2522, 2560, 2595, 2625, 2626, 2653, 2677], 2627: [2481, 2482, 2523, 2561, 2596, 2627, 2654, 2678], 2628: [2524, 2562, 2597, 2628, 2655, 2679, 2699, 2715], 2629: [2525, 2563, 2598, 2629, 2656, 2680, 2700, 2716], 2630: [2526, 2564, 2599, 2630, 2657, 2681, 2701, 2717], 2631: [2527, 2565, 2600, 2631, 2658, 2682, 2702, 2718], 2651: [2651, 2652, 2675, 2695, 2710, 2711], 2696: [2676, 2696, 2697, 2698, 2712, 2713, 2714, 2725]}
{1266: [1077, 1139, 1202, 1266], 1325: [1072, 1134, 1197, 1261, 1325, 1390, 1456, 1523], 1326: [1073, 1135, 1198, 1262, 1326, 1391, 1457, 1524], 1327: [1074, 1136, 1199, 1263, 1327, 1392, 1458, 1525], 1328: [1075, 1137, 1200, 1264, 1328, 1393, 1459, 1526], 1329: [1076, 1138, 1201, 1265, 1329, 1394, 1395, 1460], 1331: [1078, 1140, 1203, 1267, 1331, 1396, 1462, 1529], 1332: [1079, 1141, 1204, 1268, 1332, 1397, 1463, 1530], 1333: [1080, 1142, 1205, 1269, 1333, 1398, 1464, 1531], 1334: [1081, 1143, 1206, 1270, 1334, 1399, 1465, 1532], 1592: [1527, 1590, 1591, 1592, 1656, 1657, 1721, 1722], 1593: [1461, 1528, 1593, 1594, 1658, 1659, 1723, 1724], 1595: [1595, 1596, 1597, 1660, 1661, 1662, 1725, 1726], 1654: [1588, 1589, 1653, 1654, 1655, 1718, 1719, 1720]}
{2491: [2442, 2443, 2444, 2489, 2490, 2491, 2533, 2571], 2493: [2394, 2395, 2445, 2446, 2492, 2493, 2535, 2573], 2498: [2400, 2401, 2450, 2451, 2452, 2498, 2499, 2540], 2536: [2396, 2447, 2494, 2536], 2538: [2398, 2399, 2449, 2496, 2497, 2538, 2539, 2577], 2567: [2487, 2528, 2529, 2566, 2567, 2601, 2602, 2632], 2568: [2441, 2488, 2530, 2568, 2603, 2633, 2634, 2661], 2570: [2531, 2532, 2569, 2570, 2604, 2605, 2636, 2663], 2575: [2397, 2448, 2495, 2537, 2575, 2576, 2610, 2611], 2607: [2534, 2572, 2606, 2607, 2638, 2665, 2689, 2709], 2640: [2608, 2609, 2639, 2640, 2641, 2666, 2667, 2690], 2684: [2659, 2660, 2683, 2684, 2703, 2704, 2719, 2720], 2686: [2635, 2662, 2685, 2686, 2705, 2706, 2721, 2722], 2688: [2637, 2664, 2687, 2688, 2707, 2708, 2723, 2724]}
{2320: [2265, 2266, 2267, 2320, 2321, 2322, 2373, 2424], 2368: [2259, 2260, 2314, 2315, 2367, 2368, 2419, 2466], 2415: [2310, 2311, 2363, 2364, 2414, 2415, 2461, 2462], 2417: [2258, 2312, 2313, 2365, 2366, 2416, 2417, 2464], 2420: [2261, 2316, 2369, 2420], 2422: [2263, 2264, 2318, 2319, 2371, 2422, 2469, 2511], 2468: [2262, 2317, 2370, 2421, 2468, 2510, 2548, 2583], 2470: [2372, 2423, 2470, 2471, 2512, 2513, 2550, 2551], 2472: [2374, 2375, 2425, 2426, 2472, 2473, 2514, 2552], 2505: [2463, 2503, 2504, 2505, 2541, 2542, 2543, 2578], 2507: [2418, 2465, 2506, 2507, 2544, 2545, 2579, 2580], 2547: [2508, 2509, 2546, 2547, 2581, 2582, 2612, 2613], 2584: [2549, 2584, 2585, 2614, 2615, 2616, 2642, 2643], 2617: [2586, 2587, 2617, 2618, 2644, 2645, 2668, 2669]}
{1884: [1754, 1755, 1819, 1820, 1883, 1884, 1947, 1948], 1888: [1758, 1759, 1823, 1824, 1888, 1952], 1889: [1760, 1761, 1825, 1826, 1889, 1890, 1953, 2017], 1891: [1762, 1763, 1827, 1828, 1891, 1892, 1955, 2019], 1950: [1756, 1757, 1821, 1822, 1886, 1950, 2014, 2077], 1957: [1764, 1829, 1830, 1893, 1894, 1957, 1958, 2021], 2010: [1753, 1818, 1882, 1946, 2010, 2011, 2073, 2136], 2013: [1885, 1949, 2012, 2013, 2076, 2139, 2199, 2257], 2015: [1887, 1951, 2015, 2078, 2140, 2141, 2200, 2201], 2079: [2079, 2080, 2142, 2143, 2202, 2203], 2081: [1954, 2018, 2081, 2082, 2144, 2145, 2204, 2205], 2083: [1956, 2020, 2083, 2084, 2146, 2147, 2206, 2207], 2085: [2022, 2023, 2085, 2086, 2148, 2149, 2208, 2209], 2138: [2074, 2075, 2137, 2138, 2197, 2198, 2255, 2256]}
{1230: [1041, 1103, 1104, 1166, 1167, 1230, 1231, 1295], 1293: [1102, 1164, 1165, 1229, 1293, 1294, 1358, 1424], 1356: [1227, 1228, 1291, 1292, 1356, 1357, 1422, 1423], 1492: [1359, 1360, 1425, 1426, 1492, 1493, 1557, 1558], 1553: [1355, 1420, 1421, 1487, 1488, 1552, 1553, 1618], 1681: [1486, 1551, 1615, 1616, 1680, 1681, 1746, 1811], 1684: [1489, 1554, 1619, 1684, 1749, 1814, 1878, 1942], 1685: [1490, 1555, 1620, 1685, 1750, 1815, 1879, 1943], 1686: [1491, 1556, 1621, 1686, 1751, 1816, 1880, 1944], 1687: [1622, 1623, 1687, 1688, 1752, 1817, 1881, 1945], 1745: [1679, 1744, 1745, 1810, 1873, 1874, 1937, 1938], 1747: [1617, 1682, 1747, 1812, 1875, 1876, 1939, 1940], 1748: [1748, 1813, 1877, 1941], 1808: [1743, 1807, 1808, 1809, 1871, 1872, 1935, 1936]}
{1374: [1243, 1244, 1245, 1308, 1309, 1374, 1440, 1507], 1376: [1246, 1247, 1310, 1311, 1375, 1376, 1442, 1509], 1377: [1248, 1249, 1312, 1313, 1377, 1378, 1443, 1510], 1570: [1307, 1372, 1438, 1505, 1570, 1635, 1700, 1765], 1571: [1373, 1439, 1506, 1571, 1636, 1701, 1766, 1831], 1573: [1441, 1508, 1572, 1573, 1637, 1638, 1703, 1768], 1576: [1444, 1511, 1576, 1641, 1706, 1771], 1577: [1250, 1314, 1379, 1445, 1512, 1577, 1642, 1707], 1578: [1251, 1315, 1380, 1446, 1513, 1578, 1643, 1708], 1640: [1574, 1639, 1640, 1704, 1705, 1769], 1832: [1702, 1767, 1832, 1895, 1896, 1959, 1960, 2024], 1835: [1770, 1835, 1836, 1899, 1900, 1963, 1964, 2027], 1837: [1772, 1773, 1837, 1838, 1901, 1902, 1965, 1966], 1898: [1833, 1834, 1897, 1898, 1961, 1962, 2025, 2026]}
