The optimal value is 295477.4934
Service ways: {33, 5, 42, 14, 23}
Inverters: 231 242 597 1368 265 940 1226 1192 609 583 207 916 926
Cable routing:
{40: [37, 38, 39, 40, 41, 42, 43, 44], 88: [85, 86, 87, 88, 89, 90, 91, 92], 94: [45, 46, 47, 48, 93, 94, 95, 96], 132: [35, 36, 83, 84, 131, 132, 133, 179], 136: [134, 135, 136, 137, 138, 139, 140], 184: [180, 181, 182, 183, 184, 185, 186, 187], 189: [141, 142, 143, 144, 188, 189, 190, 191], 229: [226, 227, 228, 229, 230], 234: [232, 233, 234, 235, 236, 237, 281, 282], 274: [272, 273, 274, 275, 317, 318, 319, 320], 277: [276, 277, 278, 279, 280, 321, 322, 367], 324: [323, 324, 325, 326, 368, 369, 370, 413], 364: [362, 363, 364, 365, 366, 406, 407, 408], 411: [409, 410, 411, 412, 452, 453, 454, 455]}
{5: [1, 2, 3, 4, 5, 6, 7, 8], 53: [49, 50, 51, 52, 53, 54, 55, 56], 58: [9, 10, 11, 57, 58, 59, 106, 107], 101: [97, 98, 99, 100, 101, 102, 103, 104], 149: [145, 146, 147, 148, 149, 150, 151, 152], 196: [192, 193, 194, 195, 196, 197, 198, 243], 200: [105, 153, 154, 155, 199, 200, 201, 202], 241: [238, 239, 240, 241], 246: [244, 245, 246, 247, 248, 291, 292, 293], 287: [283, 284, 285, 286, 287, 288, 289, 290], 332: [327, 328, 329, 330, 331, 332, 333, 334], 336: [335, 336, 337, 338, 379, 380, 381, 382], 376: [371, 372, 373, 374, 375, 376, 377, 378], 419: [414, 415, 416, 417, 418, 419, 420, 421]}
{434: [430, 431, 432, 433, 434, 435, 436, 437], 471: [427, 428, 429, 469, 470, 471, 472, 473], 476: [474, 475, 476, 477, 478, 479, 480, 481], 517: [514, 515, 516, 517, 518, 519, 520, 521], 552: [510, 511, 512, 513, 550, 551, 552, 553], 557: [554, 555, 556, 557, 558, 559, 560], 592: [590, 591, 592, 593, 630, 631, 632, 633], 596: [594, 595, 596], 598: [598, 599, 600], 601: [522, 561, 562, 601, 602, 641, 642, 681], 637: [634, 635, 636, 637, 638, 639, 640], 671: [669, 670, 671, 672, 707, 708, 709, 710], 676: [673, 674, 675, 676, 677, 678, 679, 680], 714: [711, 712, 713, 714, 715, 750, 751, 752], 717: [716, 717, 718, 719, 753, 754, 755, 756]}
{1296: [1293, 1294, 1295, 1296, 1297, 1298, 1299, 1300], 1309: [1291, 1292, 1308, 1309, 1310, 1311, 1324, 1325], 1329: [1312, 1313, 1314, 1326, 1327, 1328, 1329, 1330], 1332: [1315, 1316, 1317, 1331, 1332, 1333, 1334, 1335], 1343: [1339, 1340, 1341, 1342, 1343, 1344, 1345, 1346], 1356: [1352, 1353, 1354, 1355, 1356, 1357, 1358], 1360: [1347, 1348, 1349, 1359, 1360, 1361, 1362, 1363], 1367: [1364, 1365, 1366, 1367], 1369: [1369, 1370, 1371], 1373: [1372, 1373, 1374, 1375, 1384, 1385, 1386, 1395], 1380: [1376, 1377, 1378, 1379, 1380, 1381, 1382, 1383], 1390: [1387, 1388, 1389, 1390, 1391, 1392, 1393, 1394], 1399: [1396, 1397, 1398, 1399, 1400, 1401, 1402, 1403], 1407: [1404, 1405, 1406, 1407, 1408, 1409, 1410], 1413: [1411, 1412, 1413, 1414, 1415, 1416, 1417]}
{28: [24, 25, 26, 27, 28, 29, 30, 31], 76: [72, 73, 74, 75, 76, 77, 78, 79], 81: [32, 33, 34, 80, 81, 82, 129, 130], 124: [120, 121, 122, 123, 124, 125, 126, 127], 172: [168, 169, 170, 171, 172, 173, 174, 175], 219: [215, 216, 217, 218, 219, 220, 221, 266], 223: [128, 176, 177, 178, 222, 223, 224, 225], 264: [261, 262, 263, 264], 269: [267, 268, 269, 270, 271, 314, 315, 316], 310: [306, 307, 308, 309, 310, 311, 312, 313], 355: [351, 352, 353, 354, 355, 356, 357, 358], 359: [359, 360, 361, 403, 404, 405, 446, 447], 399: [395, 396, 397, 398, 399, 400, 401, 402], 442: [438, 439, 440, 441, 442, 443, 444, 445]}
{771: [769, 770, 771, 772, 773, 774, 775, 776], 803: [766, 767, 768, 801, 802, 803, 804, 805], 840: [806, 807, 808, 838, 839, 840, 841, 842], 871: [835, 836, 837, 868, 869, 870, 871, 872], 877: [809, 810, 843, 844, 875, 876, 877, 878], 907: [873, 874, 904, 905, 906, 907, 908, 909], 935: [901, 902, 903, 934, 935, 966, 967, 997], 939: [936, 937, 938, 939], 943: [910, 911, 941, 942, 943, 944, 975, 976], 972: [968, 969, 970, 971, 972, 973, 974, 999], 1003: [1000, 1001, 1002, 1003, 1004, 1005, 1006, 1007], 1028: [998, 1027, 1028, 1029, 1056, 1057, 1058, 1059], 1033: [1030, 1031, 1032, 1033, 1034, 1035, 1036, 1037], 1063: [1060, 1061, 1062, 1063, 1064, 1065, 1066, 1067]}
{1102: [1098, 1099, 1100, 1101, 1102, 1103, 1104, 1105], 1129: [1125, 1126, 1127, 1128, 1129, 1130, 1131, 1132], 1134: [1106, 1107, 1108, 1133, 1134, 1135, 1160, 1161], 1155: [1151, 1152, 1153, 1154, 1155, 1156, 1157, 1158], 1180: [1176, 1177, 1178, 1179, 1180, 1181, 1182, 1183], 1203: [1200, 1201, 1202, 1203, 1204, 1205], 1207: [1159, 1184, 1185, 1186, 1206, 1207, 1208, 1209], 1224: [1199, 1222, 1223, 1224, 1225, 1244, 1245, 1246], 1228: [1227, 1228, 1229, 1230, 1231, 1250], 1249: [1247, 1248, 1249, 1251, 1252, 1270, 1271, 1272], 1266: [1264, 1265, 1266, 1267, 1268, 1283, 1284, 1285], 1288: [1269, 1286, 1287, 1288, 1289, 1290, 1306, 1307], 1305: [1301, 1302, 1303, 1304, 1305, 1322, 1323, 1338], 1321: [1318, 1319, 1320, 1321, 1336, 1337, 1350, 1351]}
{1091: [1088, 1089, 1090, 1091, 1092, 1093, 1094, 1119], 1114: [1085, 1086, 1087, 1112, 1113, 1114, 1115, 1116], 1122: [1095, 1096, 1097, 1120, 1121, 1122, 1123, 1124], 1144: [1117, 1118, 1141, 1142, 1143, 1144, 1145, 1146], 1165: [1138, 1139, 1140, 1163, 1164, 1165, 1166, 1167], 1169: [1168, 1169, 1170, 1171, 1193], 1173: [1147, 1148, 1149, 1150, 1172, 1173, 1174, 1175], 1189: [1187, 1188, 1189, 1190, 1191, 1210, 1211, 1212], 1196: [1194, 1195, 1196, 1197, 1198, 1219, 1220, 1221], 1215: [1213, 1214, 1215, 1216, 1217, 1218, 1239], 1236: [1232, 1233, 1234, 1235, 1236, 1237, 1238, 1253], 1241: [1240, 1241, 1242, 1243, 1262, 1263, 1281, 1282], 1258: [1254, 1255, 1256, 1257, 1258, 1259, 1260, 1261], 1277: [1273, 1274, 1275, 1276, 1277, 1278, 1279, 1280]}
{488: [448, 449, 485, 486, 487, 488, 489, 490], 492: [450, 451, 491, 492, 493, 494, 495, 496], 525: [482, 483, 484, 523, 524, 525, 526, 565], 529: [527, 528, 529, 530, 531, 532, 533], 569: [566, 567, 568, 569, 570, 571], 574: [534, 535, 536, 572, 573, 574, 575, 576], 604: [563, 564, 603, 604, 605, 643, 644, 645], 608: [606, 607, 608], 611: [610, 611, 612, 613, 614, 615], 649: [646, 647, 648, 649, 688, 689], 651: [650, 651, 652, 653, 654, 690, 691, 692], 686: [682, 683, 684, 685, 686, 687, 724, 761], 722: [720, 721, 722, 723, 757, 758, 759, 760], 726: [725, 726, 727, 728, 729, 762, 764, 765], 799: [763, 796, 797, 798, 799, 800, 833, 834]}
{460: [456, 457, 458, 459, 460, 461, 462, 501], 465: [422, 423, 424, 425, 465, 466, 467, 468], 505: [463, 464, 504, 505, 506, 507, 508, 509], 539: [497, 498, 499, 500, 537, 538, 539, 540], 543: [502, 503, 541, 542, 543, 544, 545, 546], 581: [577, 578, 579, 580, 581, 582], 587: [547, 548, 549, 585, 586, 587, 588, 589], 618: [616, 617, 618, 619, 620, 655, 656, 657], 623: [584, 621, 622, 623, 624, 625], 627: [626, 627, 628, 629, 666, 667, 668, 706], 662: [658, 659, 660, 661, 662, 663, 664, 665], 695: [693, 694, 695, 696, 697, 730, 731, 732], 700: [698, 699, 700, 701, 702, 703, 704, 705], 737: [733, 734, 735, 736, 737, 738, 739, 740]}
{16: [12, 13, 14, 15, 16, 17, 18, 19], 64: [60, 61, 62, 63, 64, 65, 66, 67], 69: [20, 21, 22, 23, 68, 69, 70, 71], 112: [108, 109, 110, 111, 112, 113, 114, 115], 160: [156, 157, 158, 159, 160, 161, 162, 163], 165: [116, 117, 118, 119, 164, 165, 166, 167], 206: [203, 204, 205, 206], 210: [208, 209, 210, 211, 212, 213, 214, 256], 253: [249, 250, 251, 252, 253, 254, 255, 294], 258: [257, 258, 259, 260, 302, 303, 304, 305], 298: [295, 296, 297, 298, 299, 300, 301, 345], 342: [339, 340, 341, 342, 343, 344, 383, 426], 348: [346, 347, 348, 349, 350, 392, 393, 394], 387: [384, 385, 386, 387, 388, 389, 390, 391]}
{744: [741, 742, 743, 744, 745, 746, 747, 748], 780: [777, 778, 779, 780, 781, 782, 783, 784], 815: [811, 812, 813, 814, 815, 816, 817, 818], 849: [845, 846, 847, 848, 849, 850, 851, 852], 854: [749, 785, 786, 819, 820, 853, 854, 888], 883: [879, 880, 881, 882, 883, 884, 885, 886], 915: [912, 913, 914, 915], 919: [887, 917, 918, 919, 920, 921, 953, 954], 949: [945, 946, 947, 948, 949, 950, 951, 952], 981: [977, 978, 979, 980, 981, 982, 983, 984], 1012: [1008, 1009, 1010, 1011, 1012, 1013, 1014, 1015], 1016: [985, 986, 1016, 1017, 1046, 1047, 1076, 1077], 1042: [1038, 1039, 1040, 1041, 1042, 1043, 1044, 1045], 1072: [1068, 1069, 1070, 1071, 1072, 1073, 1074, 1075]}
{790: [787, 788, 789, 790, 791, 792, 793, 794], 825: [821, 822, 823, 824, 825, 826, 827, 828], 859: [855, 856, 857, 858, 859, 860, 861, 862], 864: [795, 830, 831, 832, 864, 865, 866, 867], 893: [889, 890, 891, 892, 893, 894], 897: [829, 863, 895, 896, 897, 898, 899, 900], 925: [922, 923, 924, 925], 927: [927, 928], 930: [929, 930, 931, 932, 933, 963, 964, 965], 959: [955, 956, 957, 958, 959, 960, 961, 962], 991: [987, 988, 989, 990, 991, 992, 1022, 1023], 994: [993, 994, 995, 996, 1024, 1025, 1026, 1055], 1019: [1018, 1019, 1020, 1021, 1048, 1049, 1078, 1079], 1052: [1050, 1051, 1052, 1053, 1054, 1080, 1083, 1084], 1110: [1081, 1082, 1109, 1110, 1111, 1136, 1137, 1162]}
