The optimal value is 333427.9681
Service ways: {38, 9, 46, 20, 29}
Inverters: 1029 689 637 1311 195 1479 1016 1327 658 216 1039 185 671 239
Cable routing:
{955: [952, 953, 954, 955, 956, 957, 958, 959], 987: [948, 949, 950, 951, 985, 986, 987, 988], 992: [989, 990, 991, 992, 993, 994, 995, 996], 1026: [1022, 1023, 1024, 1025, 1026, 1027, 1028, 1061], 1030: [1030, 1031, 1032, 1033], 1065: [1062, 1063, 1064, 1065, 1066, 1067, 1068, 1069], 1095: [1059, 1060, 1094, 1095, 1096, 1129, 1130, 1131], 1100: [1097, 1098, 1099, 1100, 1101, 1102, 1103, 1104], 1135: [1132, 1133, 1134, 1135, 1136, 1137, 1138, 1139], 1166: [1163, 1164, 1165, 1166, 1196, 1197, 1198, 1199], 1169: [1167, 1168, 1169, 1170, 1171, 1172, 1201, 1202], 1231: [1200, 1228, 1229, 1230, 1231, 1232, 1233, 1263], 1260: [1258, 1259, 1260, 1261, 1262, 1288, 1289, 1290], 1291: [1291, 1292, 1293, 1318, 1319, 1320, 1345, 1346]}
{473: [469, 470, 471, 472, 473, 474, 475, 476], 516: [512, 513, 514, 515, 516, 517, 518, 519], 521: [477, 478, 479, 520, 521, 522, 564, 565], 559: [555, 556, 557, 558, 559, 560, 561, 562], 603: [599, 600, 601, 602, 603, 604, 605, 606], 646: [642, 643, 644, 645, 646, 647, 648, 690], 650: [563, 607, 608, 609, 649, 650, 651, 652], 688: [685, 686, 687, 688], 693: [691, 692, 693, 694, 695, 736, 737, 738], 732: [728, 729, 730, 731, 732, 733, 734, 735], 773: [769, 770, 771, 772, 773, 774, 775, 776], 777: [777, 778, 779, 818, 819, 820, 858, 859], 814: [810, 811, 812, 813, 814, 815, 816, 817], 854: [850, 851, 852, 853, 854, 855, 856, 857]}
{380: [377, 378, 379, 380, 381, 382, 383], 422: [419, 420, 421, 422, 423, 424, 425, 426], 464: [461, 462, 463, 464, 465, 466, 467, 468], 507: [504, 505, 506, 507, 508, 509, 510, 511], 550: [547, 548, 549, 550, 551, 552, 553, 554], 594: [592, 593, 594, 595, 596], 634: [591, 633, 634, 635, 636, 676, 677, 719], 640: [597, 598, 638, 639, 640, 641, 683, 684], 680: [678, 679, 680, 681, 682, 721, 722, 723], 725: [724, 725, 726, 727, 765, 766, 767, 768], 761: [720, 760, 761, 762, 763, 801, 802, 841], 805: [764, 803, 804, 805, 806, 807, 808, 809], 845: [842, 843, 844, 845, 846, 847, 848, 849], 882: [880, 881, 882, 883, 884, 919, 920, 921]}
{1155: [1151, 1152, 1153, 1154, 1155, 1156, 1157, 1158], 1188: [1184, 1185, 1186, 1187, 1188, 1189, 1190, 1191], 1193: [1159, 1160, 1161, 1162, 1192, 1193, 1194, 1195], 1216: [1150, 1183, 1213, 1214, 1215, 1216, 1217, 1218], 1223: [1221, 1222, 1223, 1224, 1225, 1226, 1227, 1254], 1251: [1219, 1220, 1248, 1249, 1250, 1251, 1252, 1253], 1276: [1244, 1245, 1246, 1247, 1274, 1275, 1276, 1277], 1281: [1278, 1279, 1280, 1281, 1282, 1312], 1285: [1255, 1256, 1257, 1283, 1284, 1285, 1286, 1287], 1308: [1304, 1305, 1306, 1307, 1308, 1309, 1310, 1336], 1315: [1313, 1314, 1315, 1316, 1317, 1343, 1344, 1370], 1334: [1332, 1333, 1334, 1335, 1358, 1359, 1360, 1361], 1339: [1337, 1338, 1339, 1340, 1341, 1342], 1365: [1362, 1363, 1364, 1365, 1366, 1367, 1368, 1369]}
{34: [18, 19, 20, 21, 32, 33, 34, 35], 39: [37, 38, 39, 40, 41, 42, 61, 62], 58: [36, 54, 55, 56, 57, 58, 59, 60], 81: [77, 78, 79, 80, 81, 82, 83, 84], 86: [63, 64, 65, 85, 86, 87, 88, 111], 106: [103, 104, 105, 106, 107, 108, 109, 110], 134: [131, 132, 133, 134, 135, 136, 137, 138], 164: [161, 162, 163, 164, 165, 166], 170: [112, 113, 139, 140, 141, 169, 170, 171], 194: [192, 193, 194], 198: [167, 168, 196, 197, 198, 199, 200, 232], 229: [226, 227, 228, 229, 230, 231], 264: [261, 262, 263, 264, 265, 266, 267], 301: [298, 299, 300, 301, 302, 303, 304], 340: [337, 338, 339, 340, 341, 342, 343]}
{1386: [1382, 1383, 1384, 1385, 1386, 1387, 1388, 1389], 1408: [1404, 1405, 1406, 1407, 1408, 1409, 1410, 1411], 1413: [1390, 1391, 1392, 1393, 1412, 1413, 1414, 1415], 1428: [1424, 1425, 1426, 1427, 1428, 1429, 1430, 1431], 1447: [1443, 1444, 1445, 1446, 1447, 1448, 1449, 1450], 1452: [1432, 1433, 1434, 1435, 1451, 1452, 1453, 1470], 1464: [1460, 1461, 1462, 1463, 1464, 1465, 1466, 1467], 1476: [1474, 1475, 1476, 1477, 1478, 1488, 1489, 1490], 1480: [1480, 1481, 1495, 1496], 1483: [1468, 1469, 1482, 1483, 1484, 1485, 1497, 1498], 1493: [1491, 1492, 1493, 1494, 1502, 1503, 1504, 1505], 1501: [1499, 1500, 1501, 1510, 1511, 1512, 1522, 1523], 1507: [1506, 1507, 1508, 1509, 1518, 1519, 1520, 1521], 1515: [1513, 1514, 1515, 1516, 1517, 1524, 1525, 1526]}
{823: [781, 782, 783, 784, 823, 824, 825, 826], 862: [780, 821, 822, 860, 861, 862, 863, 864], 867: [827, 828, 829, 830, 866, 867, 868, 869], 902: [865, 899, 900, 901, 902, 903, 904, 905], 937: [896, 897, 898, 935, 936, 937, 938, 939], 945: [906, 907, 908, 943, 944, 945, 946, 947], 979: [940, 941, 942, 978, 979, 980, 981, 982], 1011: [973, 974, 975, 1010, 1011, 1012, 1047, 1048], 1014: [976, 977, 1013, 1014, 1015], 1020: [983, 984, 1018, 1019, 1020, 1021, 1057, 1058], 1053: [1017, 1050, 1051, 1052, 1053, 1054, 1055, 1056], 1085: [1049, 1083, 1084, 1085, 1086, 1118, 1119, 1120], 1089: [1087, 1088, 1089, 1090, 1091, 1092, 1093], 1124: [1121, 1122, 1123, 1124, 1125, 1126, 1127, 1128]}
{1208: [1205, 1206, 1207, 1208, 1209, 1210, 1211, 1212], 1239: [1236, 1237, 1238, 1239, 1240, 1241, 1242, 1243], 1265: [1203, 1204, 1234, 1235, 1264, 1265, 1266, 1295], 1269: [1267, 1268, 1269, 1270, 1271, 1272, 1273], 1299: [1296, 1297, 1298, 1299, 1300, 1301, 1302, 1303], 1323: [1294, 1321, 1322, 1323, 1324, 1347, 1348, 1349], 1326: [1325, 1326], 1328: [1328, 1329, 1330, 1331], 1353: [1350, 1351, 1352, 1353, 1354, 1355, 1356, 1357], 1374: [1371, 1372, 1373, 1374, 1394, 1395, 1396, 1416], 1377: [1375, 1376, 1377, 1378, 1379, 1380, 1381], 1399: [1397, 1398, 1399, 1400, 1401, 1402, 1403, 1417], 1420: [1418, 1419, 1420, 1421, 1422, 1423, 1441, 1442], 1438: [1436, 1437, 1438, 1439, 1440, 1454, 1455, 1456], 1457: [1457, 1458, 1459, 1471, 1472, 1473, 1486, 1487]}
{359: [282, 283, 319, 320, 321, 358, 359, 360], 401: [361, 362, 399, 400, 401, 402, 403, 404], 440: [396, 397, 398, 438, 439, 440, 441, 442], 485: [443, 444, 445, 483, 484, 485, 486, 487], 525: [480, 481, 482, 523, 524, 525, 526, 527], 531: [446, 488, 489, 529, 530, 531, 532, 533], 571: [528, 567, 568, 569, 570, 571, 572, 573], 614: [566, 610, 611, 612, 613, 614, 615, 616], 618: [574, 575, 576, 577, 617, 618, 619, 620], 656: [653, 654, 655, 656, 657], 659: [659, 660, 661, 662, 663, 701, 702], 698: [696, 697, 698, 699, 700, 739, 740, 741], 704: [703, 704, 705, 706, 747, 748, 788, 789], 744: [742, 743, 744, 745, 746, 785, 786, 787]}
{215: [212, 213, 214, 215], 251: [247, 248, 249, 250, 251, 252, 253, 254], 258: [256, 257, 258, 259, 260, 295, 296, 297], 288: [284, 285, 286, 287, 288, 289, 290, 291], 292: [255, 292, 293, 294, 330, 331, 332, 371], 327: [322, 323, 324, 325, 326, 327, 328, 329], 334: [333, 334, 335, 336, 373, 374, 375, 376], 367: [363, 364, 365, 366, 367, 368, 369, 370], 409: [405, 406, 407, 408, 409, 410, 411, 412], 414: [372, 413, 414, 415, 416, 417, 418, 456], 451: [448, 449, 450, 451, 452, 453, 454, 455], 458: [457, 458, 459, 460, 500, 501, 502, 503], 492: [447, 490, 491, 492, 493, 534, 535, 536], 495: [494, 495, 496, 497, 498, 499, 537, 538]}
{888: [885, 886, 887, 888, 889, 890, 891, 892], 927: [922, 923, 924, 925, 926, 927, 928, 929], 932: [893, 894, 895, 930, 931, 932, 933, 934], 965: [961, 962, 963, 964, 965, 966, 967, 968], 1002: [999, 1000, 1001, 1002, 1003, 1004, 1005], 1007: [969, 970, 971, 972, 1006, 1007, 1008, 1009], 1035: [960, 997, 998, 1034, 1035, 1036, 1070, 1071], 1038: [1037, 1038], 1040: [1040, 1041, 1042], 1044: [1043, 1044, 1045, 1046, 1079, 1080, 1081, 1082], 1075: [1073, 1074, 1075, 1076, 1077, 1078, 1110, 1111], 1107: [1072, 1105, 1106, 1107, 1108, 1109, 1140, 1173], 1114: [1112, 1113, 1114, 1115, 1116, 1117, 1149, 1182], 1145: [1141, 1142, 1143, 1144, 1145, 1146, 1147, 1148], 1178: [1174, 1175, 1176, 1177, 1178, 1179, 1180, 1181]}
{5: [1, 2, 3, 4, 5, 6, 7, 13], 24: [8, 9, 10, 11, 22, 23, 24, 25], 29: [14, 15, 16, 17, 28, 29, 30, 31], 48: [12, 26, 27, 46, 47, 48, 49, 50], 68: [43, 44, 45, 66, 67, 68, 69, 70], 74: [51, 52, 53, 72, 73, 74, 75, 76], 96: [71, 93, 94, 95, 96, 97, 98, 99], 121: [91, 92, 118, 119, 120, 121, 122, 123], 128: [100, 101, 102, 126, 127, 128, 129, 130], 154: [124, 125, 151, 152, 153, 154, 155, 156], 181: [148, 149, 150, 179, 180, 181, 182, 183], 186: [157, 186, 187, 188], 190: [158, 159, 160, 189, 190, 191, 224, 225], 219: [184, 217, 218, 219, 220, 221, 222, 223]}
{541: [539, 540, 541, 542, 543, 544, 545, 546], 585: [583, 584, 585, 586, 587, 588, 589, 590], 623: [578, 579, 580, 581, 621, 622, 623, 624], 628: [626, 627, 628, 629, 630, 631, 632, 670], 668: [582, 625, 664, 665, 666, 667, 668, 669], 672: [672, 673, 674, 675], 709: [707, 708, 709, 710, 749, 750, 751, 790], 714: [711, 712, 713, 714, 715, 716, 717, 718], 755: [752, 753, 754, 755, 756, 757, 758, 759], 796: [793, 794, 795, 796, 797, 798, 799, 800], 832: [791, 792, 831, 832, 870, 871, 909, 910], 836: [833, 834, 835, 836, 837, 838, 839, 840], 875: [872, 873, 874, 875, 876, 877, 878, 879], 914: [911, 912, 913, 914, 915, 916, 917, 918]}
{115: [89, 90, 114, 115, 116, 117, 142, 143], 174: [144, 145, 146, 172, 173, 174, 175, 176], 205: [202, 203, 204, 205, 206], 208: [147, 177, 178, 207, 208, 209, 210, 211], 235: [201, 233, 234, 235, 236, 268, 269, 270], 238: [237, 238], 242: [240, 241, 242, 243, 244, 245, 246, 277], 274: [271, 272, 273, 274, 275, 276], 279: [278, 279, 280, 281, 315, 316, 317, 318], 307: [305, 306, 307, 308, 344, 345, 346, 347], 311: [309, 310, 311, 312, 313, 314, 348], 350: [349, 350, 351, 352, 389, 390, 391, 392], 354: [353, 354, 355, 356, 357, 393, 394, 395], 387: [384, 385, 386, 387, 388, 427, 428, 429], 432: [430, 431, 432, 433, 434, 435, 436, 437]}
