The optimal value is 420701.8461
Service ways: {35, 7, 46, 16, 25}
Inverters: 1473 1855 175 541 1027 561 1452 164 1439 1871 1003 551 1494 991 1465 575 969 189
Cable routing:
{1300: [1297, 1298, 1299, 1300, 1301, 1302, 1303, 1304], 1344: [1341, 1342, 1343, 1344, 1345, 1346, 1347, 1348], 1386: [1296, 1340, 1383, 1384, 1385, 1386, 1387, 1388], 1432: [1389, 1390, 1391, 1430, 1431, 1432, 1433, 1434], 1471: [1426, 1427, 1428, 1429, 1469, 1470, 1471, 1472], 1475: [1474, 1475, 1476, 1477, 1519], 1515: [1511, 1512, 1513, 1514, 1515, 1516, 1517, 1518], 1557: [1553, 1554, 1555, 1556, 1557, 1558, 1559, 1560], 1598: [1594, 1595, 1596, 1597, 1598, 1599, 1600, 1601], 1638: [1634, 1635, 1636, 1637, 1638, 1639, 1640], 1642: [1561, 1602, 1641, 1642, 1643, 1680, 1681, 1718], 1676: [1672, 1673, 1674, 1675, 1676, 1677, 1678, 1679], 1713: [1710, 1711, 1712, 1713, 1714, 1715, 1716, 1717], 1748: [1746, 1747, 1748, 1749, 1750, 1751, 1752, 1753]}
{1648: [1644, 1645, 1646, 1647, 1648, 1649, 1650, 1651], 1686: [1682, 1683, 1684, 1685, 1686, 1687, 1688, 1689], 1723: [1719, 1720, 1721, 1722, 1723, 1724, 1725, 1726], 1727: [1652, 1653, 1690, 1691, 1692, 1727, 1728, 1729], 1758: [1754, 1755, 1756, 1757, 1758, 1759, 1760, 1761], 1792: [1788, 1789, 1790, 1791, 1792, 1793, 1794], 1796: [1762, 1763, 1764, 1795, 1796, 1797, 1798, 1829], 1825: [1821, 1822, 1823, 1824, 1825, 1826, 1827, 1828], 1854: [1851, 1852, 1853, 1854], 1856: [1856, 1857, 1858], 1860: [1830, 1831, 1859, 1860, 1861, 1887, 1888, 1889], 1883: [1879, 1880, 1881, 1882, 1883, 1884, 1885, 1886], 1909: [1905, 1906, 1907, 1908, 1909, 1910], 1912: [1911, 1912, 1913, 1914, 1915, 1936, 1937, 1938], 1933: [1930, 1931, 1932, 1933, 1934, 1935, 1952, 1953]}
{24: [5, 6, 7, 8, 22, 23, 24, 25], 28: [9, 10, 11, 26, 27, 28, 29, 30], 53: [31, 51, 52, 53, 54, 55, 56, 80], 73: [44, 45, 46, 47, 71, 72, 73, 74], 77: [48, 49, 50, 75, 76, 77, 78, 79], 106: [101, 102, 103, 104, 105, 106, 107, 108], 111: [81, 82, 83, 109, 110, 111, 112, 113], 139: [136, 137, 138, 139, 140, 141, 142, 143], 171: [134, 135, 170, 171, 172, 207, 208, 246], 174: [173, 174], 176: [176, 177, 178], 180: [144, 145, 146, 179, 180, 181, 182, 183], 212: [209, 210, 211, 212, 213, 214, 215], 217: [216, 217, 218, 219, 220, 255, 256, 257], 250: [247, 248, 249, 250, 251, 252, 253, 254]}
{318: [315, 316, 317, 318, 319, 320, 321, 322], 360: [357, 358, 359, 360, 361, 362, 363, 364], 399: [313, 314, 354, 355, 356, 397, 398, 399], 403: [400, 401, 402, 403, 404, 405, 406, 407], 448: [445, 446, 447, 448, 449, 450, 451, 452], 490: [442, 443, 444, 488, 489, 490, 491, 492], 494: [493, 494, 495, 496, 497, 498], 537: [535, 536, 537, 538, 584, 585, 586, 636], 540: [539, 540], 542: [542, 543, 544, 545], 590: [587, 588, 589, 590, 591, 592, 593, 594], 640: [637, 638, 639, 640, 641, 642, 643, 644], 685: [634, 635, 684, 685, 686, 735, 736, 737], 690: [687, 688, 689, 690, 691, 692, 693, 694], 741: [738, 739, 740, 741, 742, 743, 744, 745]}
{788: [785, 786, 787, 788, 789, 790, 791, 792], 837: [834, 835, 836, 837, 838, 839, 840, 841], 881: [783, 784, 832, 833, 880, 881, 928, 929], 885: [882, 883, 884, 885, 886, 887, 888, 889], 933: [930, 931, 932, 933, 934, 935, 936, 937], 980: [977, 978, 979, 980, 981, 982, 983, 984], 1023: [975, 976, 1022, 1023, 1024, 1069, 1070], 1026: [1025, 1026], 1028: [1028, 1029, 1030, 1031], 1074: [1071, 1072, 1073, 1074, 1075, 1076, 1077, 1078], 1120: [1117, 1118, 1119, 1120, 1121, 1122, 1123, 1124], 1162: [1115, 1116, 1161, 1162, 1163, 1206, 1207, 1252], 1166: [1164, 1165, 1166, 1167, 1168, 1169, 1170], 1211: [1208, 1209, 1210, 1211, 1212, 1213, 1214, 1215], 1256: [1253, 1254, 1255, 1256, 1257, 1258, 1259, 1260]}
{297: [258, 259, 295, 296, 297, 298, 299, 339], 335: [292, 293, 294, 333, 334, 335, 336, 337], 380: [338, 340, 378, 379, 380, 381, 382, 383], 420: [375, 376, 377, 418, 419, 420, 421, 422], 470: [424, 425, 426, 427, 469, 470, 471, 472], 511: [463, 464, 465, 466, 509, 510, 511, 512], 514: [423, 467, 468, 513, 514, 515, 516, 517], 560: [556, 557, 558, 559, 560, 609], 562: [562, 563, 564, 611, 612, 613], 565: [518, 519, 565, 566, 567, 614, 615, 616], 606: [605, 606, 607, 608, 655, 656, 705, 706], 660: [610, 657, 658, 659, 660, 661, 662, 663], 665: [664, 665, 666, 667, 715, 716, 717, 718], 710: [707, 708, 709, 710, 711, 712, 713, 714]}
{1188: [1184, 1185, 1186, 1187, 1188, 1189, 1190, 1191], 1233: [1229, 1230, 1231, 1232, 1233, 1234, 1235, 1236], 1238: [1192, 1193, 1194, 1195, 1237, 1238, 1239, 1240], 1273: [1183, 1226, 1227, 1228, 1271, 1272, 1273, 1274], 1278: [1275, 1276, 1277, 1278, 1279, 1280, 1281, 1282], 1322: [1318, 1319, 1320, 1321, 1322, 1323, 1324, 1325], 1327: [1283, 1284, 1285, 1326, 1327, 1328, 1329, 1371], 1361: [1315, 1316, 1317, 1359, 1360, 1361, 1362, 1404], 1366: [1363, 1364, 1365, 1366, 1367, 1368, 1369, 1370], 1409: [1405, 1406, 1407, 1408, 1409, 1410, 1411, 1412], 1415: [1372, 1373, 1413, 1414, 1415, 1416, 1458, 1459], 1446: [1402, 1403, 1445, 1446, 1447, 1488, 1489, 1490], 1450: [1448, 1449, 1450, 1451, 1491, 1492, 1493], 1454: [1453, 1454, 1455, 1456, 1457]}
{19: [1, 2, 3, 4, 18, 19, 20, 21], 36: [12, 13, 14, 15, 34, 35, 36, 37], 39: [16, 17, 38, 39, 40, 41, 42, 43], 60: [32, 33, 59, 60, 61, 62, 89, 90], 66: [63, 64, 65, 66, 67, 68, 69, 70], 96: [93, 94, 95, 96, 97, 98, 99, 100], 124: [91, 92, 121, 122, 123, 124, 125, 126], 128: [127, 128, 129, 130, 131, 165], 161: [158, 159, 160, 161, 162, 163, 197, 198], 168: [132, 133, 166, 167, 168, 169, 205, 206], 201: [199, 200, 201, 202, 203, 204], 234: [195, 196, 233, 234, 235, 272, 273, 274], 239: [236, 237, 238, 239, 240, 241, 242, 243], 278: [275, 276, 277, 278, 279, 280, 281, 282]}
{1175: [1171, 1172, 1173, 1174, 1175, 1176, 1177, 1178], 1220: [1216, 1217, 1218, 1219, 1220, 1221, 1222, 1223], 1265: [1261, 1262, 1263, 1264, 1265, 1266, 1267, 1309], 1269: [1179, 1224, 1225, 1268, 1269, 1270, 1313, 1314], 1351: [1305, 1306, 1307, 1308, 1349, 1350, 1351, 1352], 1355: [1310, 1311, 1312, 1354, 1355, 1356, 1357, 1358], 1396: [1353, 1392, 1393, 1394, 1395, 1396, 1397, 1398], 1438: [1435, 1436, 1437, 1438], 1442: [1399, 1400, 1401, 1440, 1441, 1442, 1443, 1444], 1482: [1478, 1479, 1480, 1481, 1482, 1483, 1484, 1485], 1524: [1520, 1521, 1522, 1523, 1524, 1525, 1526, 1527], 1528: [1486, 1487, 1528, 1529, 1570, 1571, 1611, 1612], 1566: [1562, 1563, 1564, 1565, 1566, 1567, 1568, 1569], 1607: [1603, 1604, 1605, 1606, 1607, 1608, 1609, 1610]}
{1780: [1744, 1745, 1777, 1778, 1779, 1780, 1781, 1782], 1808: [1773, 1774, 1775, 1776, 1806, 1807, 1808, 1809], 1813: [1783, 1810, 1811, 1812, 1813, 1814, 1815, 1816], 1818: [1784, 1785, 1786, 1787, 1817, 1818, 1819, 1820], 1843: [1840, 1841, 1842, 1843, 1844, 1845, 1846], 1867: [1837, 1838, 1839, 1865, 1866, 1867, 1892, 1893], 1870: [1868, 1869, 1870], 1872: [1872, 1873, 1874], 1876: [1847, 1848, 1849, 1850, 1875, 1876, 1877, 1878], 1897: [1894, 1895, 1896, 1897, 1898, 1921, 1922], 1900: [1899, 1900, 1901, 1902, 1903, 1904, 1923, 1924], 1919: [1916, 1917, 1918, 1919, 1920, 1939, 1940, 1941], 1927: [1925, 1926, 1927, 1928, 1929, 1949, 1950, 1951], 1944: [1942, 1943, 1944, 1945, 1946, 1947, 1948, 1961], 1958: [1954, 1955, 1956, 1957, 1958, 1959, 1960, 1962]}
{762: [759, 760, 761, 762, 763, 764, 765, 811], 807: [756, 757, 758, 806, 807, 808, 809, 855], 815: [766, 767, 768, 813, 814, 815, 816, 817], 860: [810, 812, 858, 859, 860, 861, 862, 863], 905: [856, 857, 903, 904, 905, 906, 907, 953], 912: [864, 865, 866, 910, 911, 912, 913, 914], 956: [908, 909, 954, 955, 956, 957, 958, 959], 999: [951, 952, 998, 999, 1000, 1045, 1046], 1002: [1001, 1002], 1004: [1004, 1005, 1006], 1008: [960, 961, 962, 1007, 1008, 1009, 1055, 1056], 1050: [1047, 1048, 1049, 1050, 1051, 1052, 1053, 1054], 1097: [1092, 1093, 1094, 1095, 1096, 1097, 1098, 1099], 1101: [1100, 1101, 1102, 1103, 1146, 1147, 1148, 1149], 1143: [1138, 1139, 1140, 1141, 1142, 1143, 1144, 1145]}
{287: [284, 285, 286, 287, 288, 289, 290, 291], 325: [244, 245, 283, 323, 324, 325, 326, 327], 370: [328, 329, 330, 368, 369, 370, 371, 372], 410: [365, 366, 367, 408, 409, 410, 411, 412], 416: [331, 332, 373, 374, 414, 415, 416, 417], 458: [413, 456, 457, 458, 459, 460, 461, 462], 501: [453, 454, 455, 499, 500, 501, 502], 504: [503, 504, 505, 506, 507, 508], 549: [546, 547, 548, 549, 550], 552: [552, 553, 554, 555], 596: [595, 596, 597, 598, 645, 646, 695, 696], 600: [599, 600, 601, 602, 603, 604], 650: [647, 648, 649, 650, 651, 652, 653, 654], 700: [697, 698, 699, 700, 701, 702, 703, 704], 751: [748, 749, 750, 751, 752, 753, 754, 755]}
{1495: [1495, 1496, 1497, 1498], 1500: [1499, 1500, 1501, 1502, 1541, 1542, 1543, 1544], 1531: [1530, 1531, 1532, 1572, 1573, 1574, 1613, 1614], 1536: [1533, 1534, 1535, 1536, 1537, 1538, 1539, 1540], 1578: [1575, 1576, 1577, 1578, 1579, 1580, 1581, 1582], 1583: [1583, 1584, 1585, 1586, 1623, 1624, 1625, 1626], 1619: [1615, 1616, 1617, 1618, 1619, 1620, 1621, 1622], 1659: [1654, 1655, 1656, 1657, 1658, 1659, 1660, 1661], 1663: [1662, 1663, 1664, 1665, 1700, 1701, 1702, 1738], 1697: [1693, 1694, 1695, 1696, 1697, 1698, 1699, 1730], 1734: [1731, 1732, 1733, 1734, 1735, 1736, 1737, 1772], 1769: [1765, 1766, 1767, 1768, 1769, 1770, 1771, 1805], 1803: [1799, 1800, 1801, 1802, 1803, 1804, 1835, 1836], 1833: [1832, 1833, 1834, 1862, 1863, 1864, 1890, 1891]}
{796: [746, 747, 793, 794, 795, 796, 797, 798], 848: [799, 800, 801, 845, 846, 847, 848, 849], 852: [802, 803, 804, 805, 851, 852, 853, 854], 892: [842, 843, 844, 890, 891, 892, 893, 894], 898: [850, 896, 897, 898, 899, 900, 901, 902], 944: [895, 941, 942, 943, 944, 945, 946, 947], 986: [938, 939, 940, 985, 986, 987, 1032, 1033], 990: [988, 989, 990], 992: [992, 993], 995: [948, 949, 950, 994, 995, 996, 997], 1038: [1034, 1035, 1036, 1037, 1038, 1039, 1040, 1084], 1042: [1041, 1042, 1043, 1044, 1088, 1089, 1090, 1091], 1081: [1079, 1080, 1081, 1082, 1125, 1126, 1127, 1128], 1085: [1083, 1085, 1086, 1087, 1129, 1130, 1131, 1132], 1134: [1133, 1134, 1135, 1136, 1137, 1180, 1181, 1182]}
{1243: [1196, 1197, 1198, 1241, 1242, 1243, 1286, 1287], 1248: [1244, 1245, 1246, 1247, 1248, 1249, 1250, 1251], 1292: [1288, 1289, 1290, 1291, 1292, 1293, 1294, 1295], 1336: [1332, 1333, 1334, 1335, 1336, 1337, 1338, 1339], 1379: [1376, 1377, 1378, 1379, 1380, 1381, 1382, 1422], 1418: [1330, 1331, 1374, 1375, 1417, 1418, 1419, 1420], 1464: [1421, 1460, 1461, 1462, 1463, 1464], 1466: [1423, 1424, 1425, 1466, 1467, 1468], 1507: [1503, 1504, 1505, 1506, 1507, 1508, 1509, 1510], 1549: [1545, 1546, 1547, 1548, 1549, 1550, 1551, 1552], 1590: [1587, 1588, 1589, 1590, 1591, 1592, 1593, 1627], 1630: [1628, 1629, 1630, 1631, 1632, 1633, 1666, 1667], 1670: [1668, 1669, 1670, 1671, 1708, 1709, 1742, 1743], 1705: [1703, 1704, 1705, 1706, 1707, 1739, 1740, 1741]}
{476: [428, 429, 430, 431, 473, 474, 475, 476], 479: [477, 478, 479, 480, 481, 482, 483, 484], 526: [523, 524, 525, 526, 527, 528, 529], 532: [485, 486, 487, 530, 531, 532, 533, 534], 571: [520, 521, 522, 568, 569, 570, 571, 572], 574: [573, 574], 576: [576, 577, 578, 579], 581: [580, 581, 582, 583, 630, 631, 632, 633], 620: [617, 618, 619, 620, 621, 668, 669, 670], 625: [622, 623, 624, 625, 626, 627, 628, 629], 675: [672, 673, 674, 675, 676, 677, 678], 681: [679, 680, 681, 682, 683, 732, 733, 734], 722: [671, 719, 720, 721, 722, 723, 769, 770], 726: [724, 725, 726, 727, 728, 729, 730, 731], 775: [771, 772, 773, 774, 775, 776, 777, 778]}
{823: [818, 819, 820, 821, 822, 823, 824, 825], 829: [779, 780, 781, 782, 828, 829, 830, 831], 874: [826, 827, 871, 872, 873, 874, 875, 876], 917: [867, 868, 869, 870, 915, 916, 917, 918], 925: [877, 878, 879, 923, 924, 925, 926, 927], 965: [919, 963, 964, 965, 966, 1010, 1011, 1012], 968: [920, 921, 922, 967, 968], 972: [970, 971, 972, 973, 974, 1019, 1020, 1021], 1016: [1013, 1014, 1015, 1016, 1017, 1018, 1063], 1060: [1057, 1058, 1059, 1060, 1061, 1062, 1104, 1105], 1066: [1064, 1065, 1066, 1067, 1068, 1112, 1113, 1114], 1109: [1106, 1107, 1108, 1109, 1110, 1111, 1156, 1201], 1154: [1150, 1151, 1152, 1153, 1154, 1155, 1199, 1200], 1158: [1157, 1158, 1159, 1160, 1202, 1203, 1204, 1205]}
{87: [57, 58, 85, 86, 87, 88, 119, 120], 116: [84, 114, 115, 116, 117, 118], 152: [150, 151, 152, 153, 154, 155], 186: [147, 148, 149, 184, 185, 186, 187, 188], 193: [156, 157, 191, 192, 193, 194, 231, 232], 223: [221, 222, 223, 224, 260, 261, 262, 263], 227: [190, 225, 226, 227, 228, 229, 230, 264], 267: [265, 266, 267, 268, 269, 270, 271, 312], 302: [300, 301, 302, 303, 341, 342, 343, 344], 307: [304, 305, 306, 307, 308, 309, 310, 311], 349: [346, 347, 348, 349, 350, 351, 352, 353], 388: [345, 384, 385, 386, 387, 388, 432, 433], 392: [389, 390, 391, 392, 393, 394, 395, 396], 437: [434, 435, 436, 437, 438, 439, 440, 441]}
