The optimal value is 341917.0728
Service ways: {32, 4, 42, 14, 23}
Inverters: 287 971 45 559 1471 994 585 939 1482 1006 612 266 1411 1400 248
Cable routing:
{200: [149, 173, 174, 175, 197, 198, 199, 200], 228: [201, 202, 224, 225, 226, 227, 228, 229], 257: [230, 253, 254, 255, 256, 257, 258, 259], 286: [283, 284, 285, 286], 290: [260, 288, 289, 290, 291, 323, 324, 325], 319: [315, 316, 317, 318, 319, 320, 321, 322], 353: [349, 350, 351, 352, 353, 354, 355, 389], 357: [356, 357, 358, 359, 390, 391, 392, 393], 383: [381, 382, 383, 384, 416, 417, 418, 419], 387: [385, 386, 387, 388, 420, 421, 422, 423], 425: [424, 425, 426, 427, 428, 429, 461, 498], 458: [453, 454, 455, 456, 457, 458, 459, 460], 463: [462, 463, 464, 465, 499, 500, 501, 502], 495: [490, 491, 492, 493, 494, 495, 496, 497]}
{790: [786, 787, 788, 789, 790, 791, 792, 793], 838: [794, 836, 837, 838, 839, 840, 841, 883], 876: [830, 831, 832, 874, 875, 876, 877, 922], 879: [833, 834, 835, 878, 879, 880, 881, 882], 925: [923, 924, 925, 926, 927, 970], 930: [884, 885, 886, 928, 929, 930, 931, 932], 967: [920, 921, 966, 967, 968, 969, 1012, 1013], 974: [972, 973, 974, 975, 976, 977, 978, 1020], 1017: [1014, 1015, 1016, 1017, 1018, 1019], 1022: [1021, 1022, 1023, 1024, 1068, 1069, 1070, 1071], 1061: [1059, 1060, 1061, 1062, 1106, 1107, 1108, 1109], 1064: [1063, 1064, 1065, 1066, 1067, 1110, 1111, 1112], 1114: [1113, 1114, 1115, 1116, 1117, 1118, 1162, 1163], 1159: [1154, 1155, 1156, 1157, 1158, 1159, 1160, 1161]}
{5: [1, 2, 3, 4, 5, 6, 7, 8], 13: [9, 10, 11, 12, 13, 14, 15, 16], 22: [18, 19, 20, 21, 22, 23, 24, 25], 32: [28, 29, 30, 31, 32, 33], 37: [17, 26, 27, 35, 36, 37, 38, 39], 44: [41, 42, 43, 44], 46: [34, 46, 47, 48], 50: [49, 50, 51, 52, 63, 64, 65, 66], 55: [40, 53, 54, 55, 56, 69, 70, 71], 59: [57, 58, 59, 60, 61, 62], 75: [72, 73, 74, 75, 76, 91, 92, 93], 78: [77, 78, 79, 80, 81, 82, 94, 95], 90: [86, 87, 88, 89, 90, 110, 111, 133], 97: [96, 97, 98, 99, 117, 118, 119, 120], 113: [112, 113, 114, 115, 116, 134, 135, 136]}
{410: [374, 375, 376, 407, 408, 409, 410, 411], 413: [377, 378, 379, 380, 412, 413, 414, 415], 446: [443, 444, 445, 446, 447, 448, 449, 482], 479: [440, 441, 442, 477, 478, 479, 480, 481], 487: [450, 451, 452, 485, 486, 487, 488, 489], 521: [483, 484, 519, 520, 521, 522, 523, 524], 554: [515, 516, 517, 553, 554, 555, 592, 593], 558: [518, 556, 557, 558], 563: [525, 526, 527, 561, 562, 563, 564, 565], 598: [560, 594, 595, 596, 597, 598, 599, 600], 602: [601, 602, 603, 604, 641, 642, 643, 644], 634: [632, 633, 634, 635, 673, 674, 675, 676], 638: [636, 637, 638, 639, 640, 677, 678, 679], 682: [680, 681, 682, 683, 684, 724, 725, 726]}
{1282: [1279, 1280, 1281, 1282, 1283, 1284, 1285, 1286], 1325: [1275, 1276, 1277, 1278, 1323, 1324, 1325, 1326], 1330: [1327, 1328, 1329, 1330, 1331, 1332, 1333, 1334], 1378: [1375, 1376, 1377, 1378, 1379, 1380, 1381, 1382], 1420: [1371, 1372, 1373, 1374, 1418, 1419, 1420, 1421], 1425: [1422, 1423, 1424, 1425, 1426, 1427, 1428, 1429], 1468: [1464, 1465, 1466, 1467, 1468, 1469, 1470, 1513], 1472: [1472, 1473, 1474, 1475], 1511: [1509, 1510, 1511, 1512, 1554, 1555, 1556, 1557], 1516: [1514, 1515, 1516, 1517, 1518, 1519, 1520, 1565], 1561: [1558, 1559, 1560, 1561, 1562, 1563, 1564, 1595], 1592: [1590, 1591, 1592, 1593, 1594, 1613, 1614, 1615], 1598: [1596, 1597, 1598, 1599, 1600, 1601, 1624, 1625], 1620: [1616, 1617, 1618, 1619, 1620, 1621, 1622, 1623]}
{811: [766, 767, 768, 769, 809, 810, 811, 812], 857: [813, 814, 853, 854, 855, 856, 857, 858], 860: [815, 816, 817, 818, 859, 860, 861, 862], 902: [898, 899, 900, 901, 902, 903, 904, 905], 948: [944, 945, 946, 947, 948, 949, 950, 951], 993: [990, 991, 992, 993], 995: [995, 996], 998: [906, 907, 952, 953, 997, 998, 999, 1000], 1040: [1036, 1037, 1038, 1039, 1040, 1041], 1044: [1042, 1043, 1044, 1045, 1046, 1091, 1092, 1093], 1087: [1083, 1084, 1085, 1086, 1087, 1088, 1089, 1090], 1134: [1130, 1131, 1132, 1133, 1134, 1135, 1136, 1137], 1139: [1138, 1139, 1140, 1186, 1187, 1188, 1235, 1236], 1182: [1178, 1179, 1180, 1181, 1182, 1183, 1184, 1185], 1230: [1227, 1228, 1229, 1230, 1231, 1232, 1233, 1234]}
{432: [394, 395, 396, 430, 431, 432, 433, 434], 470: [435, 466, 467, 468, 469, 470, 471, 472], 474: [436, 437, 438, 439, 473, 474, 475, 476], 508: [504, 505, 506, 507, 508, 509, 510, 511], 546: [542, 543, 544, 545, 546, 547], 550: [512, 513, 514, 548, 549, 550, 551, 552], 582: [580, 581, 582, 583, 584, 620, 621, 622], 587: [586, 587, 588, 589, 590, 591], 625: [623, 624, 625, 626, 627, 666, 667, 668], 629: [628, 629, 630, 631, 669, 670, 671, 672], 664: [660, 661, 662, 663, 664, 665, 706, 748], 704: [702, 703, 704, 705, 744, 745, 746, 747], 708: [707, 708, 709, 710, 711, 712, 713, 749], 752: [750, 751, 752, 753, 754, 795, 796, 797]}
{719: [716, 717, 718, 719, 720, 721, 722, 723], 761: [758, 759, 760, 761, 762, 763, 764, 765], 800: [714, 715, 755, 756, 757, 798, 799, 800], 804: [801, 802, 803, 804, 805, 806, 807, 808], 848: [845, 846, 847, 848, 849, 850, 851, 852], 889: [842, 843, 844, 887, 888, 889, 890, 891], 893: [892, 893, 894, 895, 896, 897], 935: [933, 934, 935, 936, 979, 980, 981, 1027], 938: [937, 938], 940: [940, 941, 942, 943], 985: [982, 983, 984, 985, 986, 987, 988, 989], 1031: [1028, 1029, 1030, 1031, 1032, 1033, 1034, 1035], 1073: [1025, 1026, 1072, 1073, 1074, 1119, 1120, 1121], 1078: [1075, 1076, 1077, 1078, 1079, 1080, 1081, 1082], 1125: [1122, 1123, 1124, 1125, 1126, 1127, 1128, 1129]}
{1245: [1242, 1243, 1244, 1245, 1246, 1247, 1248, 1249], 1288: [1239, 1240, 1241, 1287, 1288, 1289, 1335, 1336], 1293: [1290, 1291, 1292, 1293, 1294, 1295, 1296, 1297], 1341: [1338, 1339, 1340, 1341, 1342, 1343, 1344, 1345], 1389: [1386, 1387, 1388, 1389, 1390, 1391, 1392, 1393], 1432: [1337, 1383, 1384, 1385, 1430, 1431, 1432, 1433], 1436: [1434, 1435, 1436, 1437, 1438, 1439, 1440, 1481], 1478: [1476, 1477, 1478, 1479, 1480, 1521, 1522, 1523], 1483: [1483, 1484, 1485, 1486], 1527: [1524, 1525, 1526, 1527, 1528, 1529, 1530, 1531], 1568: [1566, 1567, 1568, 1602, 1603, 1604, 1626, 1627], 1572: [1569, 1570, 1571, 1572, 1573, 1574, 1575, 1576], 1608: [1605, 1606, 1607, 1608, 1609, 1610, 1611, 1612], 1631: [1628, 1629, 1630, 1631, 1632, 1633, 1634, 1635]}
{825: [822, 823, 824, 825, 826, 827, 828, 829], 865: [819, 820, 821, 863, 864, 865, 866, 867], 914: [868, 869, 870, 911, 912, 913, 914, 915], 917: [871, 872, 873, 916, 917, 918, 919, 963], 956: [908, 909, 910, 954, 955, 956, 957, 958], 1005: [959, 1001, 1002, 1003, 1004, 1005], 1007: [960, 961, 962, 1007, 1008, 1009], 1010: [964, 965, 1010, 1011, 1055, 1056, 1057, 1058], 1052: [1047, 1048, 1049, 1050, 1051, 1052, 1053, 1054], 1098: [1094, 1095, 1096, 1097, 1098, 1099, 1145, 1146], 1101: [1100, 1101, 1102, 1103, 1104, 1105, 1147, 1148], 1142: [1141, 1142, 1143, 1144, 1189, 1190, 1237, 1238], 1151: [1149, 1150, 1151, 1152, 1153, 1199, 1200, 1201], 1194: [1191, 1192, 1193, 1194, 1195, 1196, 1197, 1198]}
{535: [531, 532, 533, 534, 535, 536, 537, 538], 568: [528, 529, 530, 566, 567, 568, 569, 570], 577: [503, 539, 540, 541, 576, 577, 578, 579], 607: [605, 606, 607, 608, 645, 646, 647, 648], 611: [571, 572, 573, 609, 610, 611], 613: [574, 575, 613, 614, 615, 655], 617: [616, 617, 618, 619, 656, 657, 658, 659], 652: [649, 650, 651, 652, 653, 654, 693, 694], 689: [685, 686, 687, 688, 689, 690, 691, 731], 697: [695, 696, 697, 698, 699, 700, 701, 739], 730: [727, 728, 729, 730, 770, 771, 772, 773], 735: [692, 732, 733, 734, 735, 736, 737, 738], 741: [740, 741, 742, 743, 782, 783, 784, 785], 777: [774, 775, 776, 777, 778, 779, 780, 781]}
{130: [107, 108, 109, 128, 129, 130, 131, 132], 152: [105, 106, 127, 150, 151, 152, 153, 154], 180: [155, 156, 176, 177, 178, 179, 180, 181], 183: [157, 158, 159, 182, 183, 184, 185, 211], 207: [203, 204, 205, 206, 207, 208, 209, 210], 236: [234, 235, 236, 237, 238, 239], 263: [231, 232, 233, 261, 262, 263, 264, 265], 267: [267, 268], 270: [212, 240, 241, 269, 270, 271, 302, 303], 294: [292, 293, 294, 295, 326, 327, 328, 329], 298: [296, 297, 298, 299, 300, 301], 332: [330, 331, 332, 333, 366, 367], 335: [334, 335, 336, 337, 368, 369, 370, 371], 363: [360, 361, 362, 363, 364, 365, 397, 398], 401: [399, 400, 401, 402, 403, 404, 405, 406]}
{1172: [1168, 1169, 1170, 1171, 1172, 1173, 1174, 1175], 1220: [1216, 1217, 1218, 1219, 1220, 1221, 1222, 1223], 1268: [1264, 1265, 1266, 1267, 1268, 1269, 1270, 1271], 1272: [1176, 1177, 1224, 1225, 1226, 1272, 1273, 1274], 1316: [1312, 1313, 1314, 1315, 1316, 1317, 1318, 1319], 1364: [1360, 1361, 1362, 1363, 1364, 1365], 1368: [1320, 1321, 1322, 1366, 1367, 1368, 1369, 1370], 1410: [1407, 1408, 1409, 1410], 1412: [1412, 1413], 1415: [1414, 1415, 1416, 1417, 1461, 1462, 1463, 1506], 1457: [1453, 1454, 1455, 1456, 1457, 1458, 1459, 1460], 1502: [1498, 1499, 1500, 1501, 1502, 1503, 1504, 1505], 1547: [1543, 1544, 1545, 1546, 1547, 1548, 1549, 1550], 1552: [1507, 1508, 1551, 1552, 1553, 1587, 1588, 1589], 1583: [1579, 1580, 1581, 1582, 1583, 1584, 1585, 1586]}
{1209: [1164, 1206, 1207, 1208, 1209, 1210, 1211, 1212], 1214: [1165, 1166, 1167, 1213, 1214, 1215, 1262, 1263], 1252: [1202, 1203, 1204, 1205, 1250, 1251, 1252, 1253], 1257: [1254, 1255, 1256, 1257, 1258, 1259, 1260, 1261], 1305: [1302, 1303, 1304, 1305, 1306, 1307, 1308, 1309], 1348: [1298, 1299, 1300, 1301, 1346, 1347, 1348, 1349], 1353: [1350, 1351, 1352, 1353, 1354, 1355, 1356, 1357], 1397: [1394, 1395, 1396, 1397, 1398, 1399, 1441, 1442], 1401: [1401, 1402, 1403, 1404], 1405: [1310, 1311, 1358, 1359, 1405, 1406, 1451, 1452], 1446: [1443, 1444, 1445, 1446, 1447, 1448, 1449, 1450], 1491: [1487, 1488, 1489, 1490, 1491, 1492, 1493, 1494], 1496: [1495, 1496, 1497, 1540, 1541, 1542, 1577, 1578], 1536: [1532, 1533, 1534, 1535, 1536, 1537, 1538, 1539]}
{100: [67, 68, 83, 84, 85, 100, 101, 102], 124: [103, 104, 122, 123, 124, 125, 126, 146], 142: [121, 139, 140, 141, 142, 143, 144, 145], 163: [137, 138, 160, 161, 162, 163, 164, 165], 170: [147, 148, 168, 169, 170, 171, 172, 196], 192: [166, 167, 190, 191, 192, 193, 194, 195], 215: [186, 187, 188, 189, 213, 214, 215, 216], 219: [217, 218, 219, 220, 221, 222, 223, 247], 244: [242, 243, 244, 245, 246, 272, 273, 274], 249: [249, 250, 251, 252], 278: [275, 276, 277, 278, 279, 280, 281, 282], 305: [304, 305, 306, 338, 339, 340, 372, 373], 310: [307, 308, 309, 310, 311, 312, 313, 314], 344: [341, 342, 343, 344, 345, 346, 347, 348]}
