The optimal value is 229357.8149
Service ways: {26, 5, 15}
Inverters: 178 169 573 523 945 513 122 905 582 953
Cable routing:
{51: [22, 23, 24, 25, 49, 50, 51, 52], 82: [26, 53, 54, 80, 81, 82, 83, 84], 111: [78, 79, 108, 109, 110, 111, 112, 113], 144: [114, 140, 141, 142, 143, 144, 145, 146], 177: [174, 175, 176, 177], 181: [115, 147, 148, 179, 180, 181, 182, 183], 214: [210, 211, 212, 213, 214, 215, 216, 217], 219: [218, 219, 220, 221, 256, 257, 258, 259], 249: [247, 248, 249, 250, 286, 287, 288, 289], 252: [251, 252, 253, 254, 255, 290, 291, 292], 294: [293, 294, 295, 296, 297, 298, 299, 335], 332: [327, 328, 329, 330, 331, 332, 333, 334], 336: [336, 337, 338, 339, 340, 377, 378, 379], 374: [369, 370, 371, 372, 373, 374, 375, 376]}
{17: [14, 15, 16, 17, 18, 19, 20, 21], 39: [11, 12, 13, 38, 39, 40, 67, 68], 44: [41, 42, 43, 44, 45, 46, 47, 48], 73: [70, 71, 72, 73, 74, 75, 76, 77], 103: [100, 101, 102, 103, 104, 105, 106, 107], 131: [69, 97, 98, 99, 129, 130, 131, 132], 135: [133, 134, 135, 136, 137, 138, 139, 168], 165: [163, 164, 165, 166, 167, 199, 200, 201], 170: [170, 171, 172, 173], 205: [202, 203, 204, 205, 206, 207, 208, 209], 239: [237, 238, 239, 240, 276, 277, 278, 279], 243: [241, 242, 243, 244, 245, 246, 280, 281], 284: [282, 283, 284, 285, 325, 326, 367, 368], 323: [321, 322, 323, 324, 363, 364, 365, 366]}
{411: [407, 408, 409, 410, 411, 412, 413, 414], 453: [449, 450, 451, 452, 453, 454, 455, 456], 494: [490, 491, 492, 493, 494, 495], 498: [415, 416, 457, 458, 496, 497, 498, 538], 534: [530, 531, 532, 533, 534, 535, 536, 537], 572: [569, 570, 571, 572], 574: [574, 575, 576, 577], 612: [609, 610, 611, 612, 613, 614, 615, 616], 646: [608, 645, 646, 647, 648, 681, 682, 683], 650: [649, 650, 651, 652, 653, 654], 687: [684, 685, 686, 687, 688, 689, 690, 691], 717: [716, 717, 718, 750, 751, 752, 784, 785], 722: [719, 720, 721, 722, 723, 724, 725, 726], 756: [753, 754, 755, 756, 757, 758, 759, 760], 790: [786, 787, 788, 789, 790, 791, 792, 793]}
{316: [312, 313, 314, 315, 316, 317, 318, 319], 358: [354, 355, 356, 357, 358, 359, 360, 361], 400: [396, 397, 398, 399, 400, 401, 402, 403], 442: [438, 439, 440, 441, 442, 443, 444, 445], 446: [320, 362, 404, 405, 406, 446, 447, 448], 483: [480, 481, 482, 483, 484, 485, 486], 519: [478, 479, 518, 519, 520, 557, 558, 597], 522: [521, 522], 524: [524, 525, 526], 528: [487, 488, 489, 527, 528, 529, 567, 568], 562: [559, 560, 561, 562, 563, 564, 565, 566], 601: [598, 599, 600, 601, 602, 603, 639, 640], 604: [604, 605, 606, 607, 641, 642, 643, 644], 636: [596, 634, 635, 636, 637, 638, 671, 672], 676: [673, 674, 675, 676, 677, 678, 679, 680]}
{822: [818, 819, 820, 821, 822, 823, 824, 825], 854: [850, 851, 852, 853, 854, 855, 856, 857], 885: [882, 883, 884, 885, 886, 887, 888, 915], 911: [817, 849, 880, 881, 910, 911, 912, 913], 944: [914, 940, 941, 942, 943, 944], 947: [916, 917, 918, 946, 947, 948, 949], 972: [969, 970, 971, 972, 973, 974, 975, 976], 992: [967, 968, 991, 992, 993, 1012, 1013, 1014], 996: [994, 995, 996, 997, 998, 999, 1000], 1018: [1015, 1016, 1017, 1018, 1019, 1020, 1021, 1022], 1035: [1032, 1033, 1034, 1035, 1036, 1052, 1053, 1054], 1038: [1037, 1038, 1039, 1040, 1041, 1042, 1055, 1056], 1059: [1057, 1058, 1059, 1060, 1075, 1076, 1086, 1087], 1072: [1070, 1071, 1072, 1073, 1074, 1083, 1084, 1085]}
{265: [261, 262, 263, 264, 265, 266, 267, 268], 306: [302, 303, 304, 305, 306, 307, 308, 347], 343: [260, 300, 301, 341, 342, 343, 344, 345], 351: [309, 310, 311, 349, 350, 351, 352, 353], 390: [346, 348, 387, 388, 389, 390, 391, 392], 429: [384, 385, 386, 427, 428, 429, 430, 431], 435: [393, 394, 395, 433, 434, 435, 436, 437], 473: [432, 471, 472, 473, 474, 475, 476, 477], 510: [468, 469, 470, 509, 510, 511, 512, 549], 514: [514, 515, 516, 517], 552: [550, 551, 552, 553, 554, 555, 556, 595], 591: [588, 589, 590, 591, 592, 593, 594, 627], 629: [628, 629, 630, 631, 632, 633, 665, 666], 667: [667, 668, 669, 670, 701, 702, 703, 704]}
{4: [1, 2, 3, 4, 5, 6, 7, 8], 31: [27, 28, 29, 30, 31, 32, 33, 34], 60: [56, 57, 58, 59, 60, 61, 62, 63], 65: [9, 10, 35, 36, 37, 64, 65, 66], 90: [87, 88, 89, 90, 91, 92, 93, 94], 118: [55, 85, 86, 116, 117, 118, 119], 121: [120, 121], 123: [123, 124, 125], 127: [95, 96, 126, 127, 128, 160, 161, 162], 153: [149, 150, 151, 152, 153, 154, 188, 189], 156: [155, 156, 157, 158, 159, 190, 191, 192], 186: [184, 185, 186, 187, 222, 223, 224, 225], 194: [193, 194, 195, 196, 197, 198, 232, 271], 230: [226, 227, 228, 229, 230, 231, 269, 270], 234: [233, 234, 235, 236, 272, 273, 274, 275]}
{711: [708, 709, 710, 711, 712, 713, 714, 715], 740: [705, 706, 707, 737, 738, 739, 740, 741], 745: [742, 743, 744, 745, 746, 747, 748, 749], 773: [736, 770, 771, 772, 773, 774, 775, 804], 779: [776, 777, 778, 779, 780, 781, 782, 783], 812: [809, 810, 811, 812, 813, 814, 815, 816], 839: [805, 806, 807, 808, 837, 838, 839, 840], 844: [841, 842, 843, 844, 845, 846, 847, 848], 875: [872, 873, 874, 875, 876, 877, 878, 879], 901: [869, 870, 871, 900, 901, 902, 930, 931], 904: [903, 904], 906: [906, 907, 908, 909], 935: [932, 933, 934, 935, 936, 937, 938, 939], 962: [960, 961, 962, 963, 964, 965, 966, 986], 988: [987, 988, 989, 990, 1010, 1011]}
{423: [380, 381, 382, 383, 423, 424, 425, 426], 462: [419, 420, 421, 422, 461, 462, 463, 464], 501: [417, 418, 459, 460, 499, 500, 501, 502], 506: [465, 466, 467, 504, 505, 506, 507, 508], 543: [503, 539, 540, 541, 542, 543, 544, 545], 581: [578, 579, 580, 581], 585: [546, 547, 548, 583, 584, 585, 586, 587], 621: [617, 618, 619, 620, 621, 622, 623, 624], 659: [655, 656, 657, 658, 659, 660, 661, 662], 663: [625, 626, 663, 664, 700, 735, 769, 803], 696: [692, 693, 694, 695, 696, 697, 698, 699], 731: [727, 728, 729, 730, 731, 732, 733, 734], 765: [761, 762, 763, 764, 765, 766, 767, 768], 799: [795, 796, 797, 798, 799, 800, 801, 802]}
{830: [794, 826, 827, 828, 829, 830, 831, 832], 862: [858, 859, 860, 861, 862, 863, 864], 866: [833, 834, 835, 836, 865, 866, 867, 868], 893: [889, 890, 891, 892, 893, 894, 895, 896], 923: [919, 920, 921, 922, 923, 924], 927: [897, 898, 899, 925, 926, 927, 928, 929], 952: [950, 951, 952], 955: [954, 955, 956, 957, 958, 959], 980: [977, 978, 979, 980, 981, 1005], 983: [982, 983, 984, 985, 1006, 1007, 1008, 1009], 1003: [1001, 1002, 1003, 1004, 1023, 1024, 1025, 1026], 1029: [1027, 1028, 1029, 1030, 1031, 1049, 1050, 1051], 1046: [1043, 1044, 1045, 1046, 1047, 1048, 1061, 1062], 1065: [1063, 1064, 1065, 1066, 1067, 1068, 1069, 1082], 1079: [1077, 1078, 1079, 1080, 1081, 1088, 1089, 1090]}
