The optimal value is 558924.6434
Service ways: {38, 8, 49, 18, 27}
Inverters: 1818 1219 2471 1122 1775 1028 352 1754 1948 1744 2347 733 1155 2169 548 531 473 654 97 1513 118 1199 2234 2516
Cable routing:
{1551: [1494, 1495, 1496, 1550, 1551, 1552, 1606, 1607], 1601: [1544, 1545, 1546, 1547, 1599, 1600, 1601, 1655], 1652: [1542, 1543, 1597, 1598, 1651, 1652, 1705, 1706], 1657: [1548, 1549, 1603, 1604, 1605, 1657, 1658, 1711], 1764: [1602, 1656, 1710, 1764, 1765], 1814: [1759, 1760, 1813, 1814, 1868, 1922, 1976, 2028], 1815: [1653, 1707, 1761, 1815, 1869, 1923, 1977, 2029], 1816: [1654, 1708, 1762, 1816, 1870, 1924, 1978, 2030], 1817: [1709, 1763, 1817, 1871, 1925, 1979, 2031], 1820: [1712, 1766, 1819, 1820, 1874, 1928, 1982, 2034], 1821: [1659, 1713, 1767, 1821, 1875, 1929, 1983, 2035], 1822: [1660, 1714, 1768, 1822, 1876, 1930, 1984, 2036], 1823: [1661, 1715, 1769, 1823, 1877, 1931, 1985, 2037], 1926: [1872, 1873, 1926, 1927, 1980, 1981, 2032, 2033]}
{955: [902, 903, 904, 954, 955, 956, 1006, 1007], 1005: [900, 901, 952, 953, 1004, 1005, 1057, 1110], 1009: [905, 906, 957, 958, 1008, 1009, 1010, 1061], 1161: [899, 951, 1003, 1055, 1108, 1161, 1214, 1215], 1165: [1058, 1059, 1112, 1165], 1216: [1056, 1109, 1162, 1216, 1268, 1269, 1270, 1324], 1218: [1111, 1163, 1164, 1217, 1218, 1272, 1326, 1380], 1220: [1060, 1113, 1166, 1220, 1273, 1274, 1328, 1382], 1221: [1114, 1167, 1221, 1275, 1329, 1383, 1438, 1493], 1222: [1062, 1115, 1168, 1222, 1276, 1330, 1384, 1439], 1223: [1063, 1116, 1169, 1223, 1277, 1331, 1385, 1440], 1377: [1322, 1323, 1376, 1377, 1431, 1432, 1486, 1487], 1379: [1271, 1325, 1378, 1379, 1433, 1434, 1488, 1489], 1436: [1327, 1381, 1435, 1436, 1437, 1490, 1491, 1492]}
{2289: [2244, 2245, 2246, 2247, 2288, 2289, 2290, 2291], 2334: [2249, 2250, 2293, 2294, 2334, 2335, 2373, 2374], 2408: [2248, 2292, 2333, 2372, 2408, 2409, 2442, 2474], 2439: [2330, 2369, 2405, 2439], 2469: [2287, 2328, 2367, 2403, 2437, 2468, 2469, 2498], 2470: [2329, 2368, 2404, 2438, 2470, 2499, 2525, 2526], 2472: [2331, 2370, 2406, 2440, 2472, 2501, 2528, 2552], 2473: [2332, 2371, 2407, 2441, 2473, 2502, 2529, 2553], 2475: [2410, 2443, 2444, 2475, 2476, 2504, 2505, 2531], 2548: [2497, 2524, 2548, 2549, 2569, 2588, 2604, 2611], 2551: [2500, 2527, 2550, 2551, 2572, 2591, 2607, 2614], 2554: [2503, 2530, 2554, 2555, 2575, 2576, 2594, 2610], 2590: [2570, 2571, 2589, 2590, 2605, 2606, 2612, 2613], 2592: [2573, 2574, 2592, 2593, 2608, 2609, 2615, 2616]}
{913: [861, 862, 863, 912, 913, 914, 965, 1017], 961: [858, 907, 908, 909, 959, 961, 1013, 1065], 963: [859, 860, 910, 911, 962, 963, 1015, 1067], 967: [864, 865, 915, 916, 967, 968, 1019, 1020], 1117: [960, 1011, 1012, 1064, 1117, 1170, 1224, 1278], 1119: [1014, 1066, 1118, 1119, 1171, 1172, 1226, 1280], 1121: [964, 1016, 1068, 1120, 1121, 1173, 1174, 1228], 1123: [966, 1018, 1069, 1070, 1123, 1176, 1230, 1284], 1124: [1071, 1072, 1124, 1125, 1177, 1231, 1285, 1339], 1175: [1175, 1229, 1282, 1283], 1286: [1178, 1232, 1286, 1287, 1340, 1341, 1394, 1395], 1333: [1225, 1279, 1332, 1333, 1386, 1387, 1441, 1442], 1335: [1227, 1281, 1334, 1335, 1388, 1389, 1443, 1444], 1337: [1336, 1337, 1338, 1390, 1391, 1392, 1393, 1445]}
{1555: [1497, 1498, 1499, 1500, 1553, 1554, 1555, 1556], 1558: [1446, 1447, 1501, 1502, 1557, 1558, 1613, 1667], 1559: [1448, 1449, 1503, 1504, 1559, 1560, 1614, 1615], 1670: [1450, 1505, 1561, 1616, 1617, 1670, 1671, 1724], 1770: [1608, 1662, 1716, 1770, 1824, 1878, 1932, 1986], 1771: [1609, 1663, 1717, 1771, 1825, 1879, 1933, 1987], 1772: [1610, 1664, 1718, 1772, 1826, 1880, 1934, 1988], 1773: [1611, 1665, 1719, 1773, 1827, 1881, 1935, 1989], 1774: [1612, 1666, 1720, 1774, 1828, 1882, 1936, 1990], 1776: [1668, 1721, 1722, 1776, 1830, 1884, 1938, 1992], 1777: [1669, 1723, 1777, 1778, 1831, 1885, 1939, 1993], 1779: [1725, 1726, 1779, 1780, 1833, 1834, 1887, 1888], 1829: [1829, 1883, 1937, 1991], 1940: [1832, 1886, 1940, 1941, 1942, 1994, 1995, 1996]}
{873: [773, 774, 822, 823, 824, 873, 924, 976], 875: [775, 776, 825, 826, 875, 876, 926, 978], 1021: [866, 917, 969, 1021, 1073, 1126, 1179, 1233], 1022: [867, 918, 970, 1022, 1074, 1127, 1180, 1234], 1023: [868, 919, 971, 1023, 1075, 1128, 1181, 1235], 1024: [869, 920, 972, 1024, 1076, 1129, 1182, 1236], 1025: [870, 921, 973, 1025, 1077, 1130, 1183, 1237], 1026: [871, 922, 974, 1026, 1078, 1131, 1184, 1238], 1027: [872, 923, 975, 1027, 1079, 1132, 1185, 1239], 1029: [874, 925, 977, 1029, 1081, 1134, 1187, 1241], 1031: [927, 928, 979, 980, 1031, 1032, 1083, 1084], 1080: [1080, 1133, 1186, 1240], 1135: [1030, 1082, 1135, 1136, 1188, 1189, 1242, 1243], 1137: [1085, 1137, 1138, 1190, 1191, 1244, 1245, 1246]}
{177: [139, 140, 141, 176, 177, 178, 179, 219], 180: [106, 107, 142, 143, 180, 181, 182, 224], 306: [216, 261, 306], 348: [256, 257, 301, 302, 347, 348, 393, 394], 350: [258, 259, 303, 304, 350, 396, 442, 489], 351: [214, 215, 260, 305, 351, 397, 443, 490], 353: [175, 217, 262, 307, 353, 399, 445, 492], 354: [218, 263, 308, 354, 400, 446, 493], 355: [264, 309, 355, 401, 447, 494, 541], 356: [220, 265, 310, 356, 402, 448, 495, 542], 357: [221, 266, 311, 357, 403, 449, 496, 543], 358: [222, 267, 312, 358, 404, 450, 497, 544], 359: [223, 268, 313, 359, 405, 451, 498, 545], 398: [398, 444, 491], 441: [349, 395, 439, 440, 441, 486, 487, 488]}
{1533: [1475, 1476, 1477, 1478, 1531, 1532, 1533, 1534], 1537: [1479, 1480, 1481, 1535, 1536, 1537, 1538, 1592], 1649: [1540, 1541, 1595, 1596, 1649, 1650, 1703, 1704], 1700: [1646, 1700], 1748: [1586, 1640, 1694, 1748, 1802, 1856, 1910, 1964], 1749: [1587, 1641, 1695, 1749, 1803, 1857, 1911, 1965], 1750: [1588, 1642, 1696, 1750, 1804, 1858, 1912, 1966], 1751: [1589, 1643, 1697, 1751, 1805, 1859, 1913, 1967], 1752: [1590, 1644, 1698, 1752, 1806, 1860, 1914, 1968], 1753: [1591, 1645, 1699, 1753, 1807, 1861, 1915, 1969], 1755: [1593, 1647, 1701, 1755, 1809, 1863], 1756: [1539, 1594, 1648, 1702, 1756, 1757, 1810, 1811], 1808: [1808, 1862, 1916, 1970], 1866: [1758, 1812, 1866, 1867, 1920, 1921, 1974, 1975], 1918: [1864, 1865, 1917, 1918, 1919, 1971, 1972, 1973]}
{1786: [1731, 1732, 1733, 1785, 1786, 1787, 1840, 1894], 1838: [1729, 1730, 1783, 1784, 1837, 1838, 1891, 1892], 1943: [1727, 1781, 1835, 1889, 1943, 1997, 2049], 1944: [1728, 1782, 1836, 1890, 1944, 1945, 1998, 2050], 1947: [1839, 1893, 1946, 1947, 2001, 2002, 2053, 2104], 1949: [1841, 1895, 1949, 2003, 2055, 2106], 1950: [1734, 1788, 1842, 1896, 1950, 2004, 2056, 2107], 1951: [1735, 1789, 1843, 1897, 1951, 2005, 2057], 1952: [1736, 1790, 1844, 1898, 1952, 2006, 2058, 2109], 1953: [1791, 1845, 1899, 1953, 2007, 2059, 2110, 2158], 1954: [1737, 1738, 1792, 1846, 1900, 1954, 2008, 2060], 2052: [1999, 2000, 2051, 2052, 2103, 2151, 2198, 2243], 2153: [2054, 2105, 2152, 2153, 2154, 2199, 2200, 2201], 2156: [2108, 2155, 2156, 2157, 2202, 2203, 2204, 2205]}
{1577: [1465, 1466, 1521, 1522, 1576, 1577, 1631, 1685], 1579: [1467, 1468, 1523, 1524, 1578, 1579, 1633, 1687], 1581: [1469, 1470, 1525, 1526, 1580, 1581, 1635, 1689], 1582: [1471, 1472, 1527, 1528, 1582, 1583, 1636, 1690], 1740: [1632, 1686, 1739, 1740, 1793, 1794, 1847, 1848], 1742: [1634, 1688, 1741, 1742, 1795, 1796, 1850, 1904], 1745: [1637, 1691, 1745, 1799, 1853, 1907, 1961], 1746: [1473, 1529, 1584, 1638, 1692, 1746, 1800, 1854], 1747: [1474, 1530, 1585, 1639, 1693, 1747, 1801, 1855], 1798: [1743, 1797, 1798, 1852, 1906], 1903: [1849, 1901, 1902, 1903, 1955, 1956, 1957, 2009], 1959: [1851, 1905, 1958, 1959, 2010, 2011, 2061, 2062], 1962: [1908, 1909, 1962, 1963, 2014, 2065, 2113, 2160], 2012: [1960, 2012, 2013, 2063, 2064, 2111, 2112, 2159]}
{2130: [2080, 2081, 2082, 2083, 2128, 2129, 2130, 2177], 2179: [2084, 2085, 2132, 2133, 2179, 2180, 2224, 2268], 2181: [2086, 2087, 2088, 2134, 2135, 2181, 2226, 2270], 2308: [2131, 2178, 2223, 2267, 2308, 2309], 2344: [2175, 2220, 2264, 2305, 2344, 2380, 2414, 2446], 2345: [2176, 2221, 2265, 2306, 2345, 2381, 2415, 2447], 2346: [2222, 2266, 2307, 2346, 2382, 2416, 2448, 2477], 2349: [2225, 2269, 2310, 2311, 2349, 2350, 2385, 2386], 2351: [2182, 2227, 2271, 2312, 2351, 2387, 2421, 2453], 2352: [2136, 2183, 2228, 2272, 2313, 2352, 2388, 2389], 2383: [2348, 2383, 2384, 2417, 2449, 2478], 2450: [2418, 2419, 2450, 2451, 2479, 2480, 2506, 2507], 2454: [2422, 2423, 2454, 2455, 2483, 2484, 2510, 2534], 2481: [2420, 2452, 2481, 2482, 2508, 2509, 2532, 2533]}
{636: [539, 540, 587, 588, 589, 636, 637, 638], 684: [538, 586, 635, 684], 688: [590, 591, 639, 640, 688, 689, 737, 787], 727: [580, 629, 678, 727, 777, 827, 878], 728: [533, 581, 630, 679, 728, 778, 828, 879], 729: [534, 582, 631, 680, 729, 779, 829, 880], 730: [535, 583, 632, 681, 730, 780, 830, 881], 731: [536, 584, 633, 682, 731, 781, 831, 882], 732: [537, 585, 634, 683, 732, 782, 832, 883], 734: [685, 734, 784, 834, 885, 937], 735: [686, 687, 735, 736, 785, 835, 886, 938], 739: [592, 641, 690, 738, 739, 788, 789, 839], 740: [593, 642, 691, 740, 790, 840, 890, 891], 783: [783, 833, 884], 836: [786, 836, 837, 838, 887, 888, 889, 939]}
{1053: [949, 950, 1001, 1002, 1053, 1054, 1106, 1107], 1102: [945, 997, 1049, 1102], 1150: [940, 992, 1044, 1097, 1150, 1204, 1258, 1312], 1151: [941, 993, 1045, 1098, 1151, 1205, 1259, 1313], 1152: [942, 994, 1046, 1099, 1152, 1206, 1260, 1314], 1153: [943, 995, 1047, 1100, 1153, 1207, 1261, 1315], 1154: [944, 996, 1048, 1101, 1154, 1208, 1262, 1316], 1156: [946, 998, 1050, 1103, 1156, 1210, 1264, 1318], 1157: [947, 999, 1051, 1104, 1157, 1211, 1265, 1319], 1158: [948, 1000, 1052, 1105, 1158, 1212, 1266, 1320], 1213: [1159, 1160, 1213, 1267, 1321, 1375, 1430, 1485], 1317: [1209, 1263, 1317, 1370, 1371, 1372, 1425, 1426], 1368: [1366, 1367, 1368, 1369, 1421, 1422, 1423, 1424], 1428: [1373, 1374, 1427, 1428, 1429, 1482, 1483, 1484]}
{2115: [2015, 2016, 2066, 2067, 2114, 2115, 2161, 2206], 2122: [2023, 2074, 2122], 2163: [2017, 2068, 2116, 2162, 2163, 2207, 2251, 2252], 2164: [2018, 2069, 2117, 2164, 2208, 2209, 2253], 2165: [2019, 2070, 2118, 2165, 2210, 2254, 2295], 2166: [2020, 2071, 2119, 2166, 2211, 2255, 2296], 2167: [2021, 2072, 2120, 2167, 2212, 2256, 2297, 2336], 2168: [2022, 2073, 2121, 2168, 2213, 2257], 2170: [2024, 2075, 2123, 2170, 2215, 2259, 2300], 2171: [2025, 2076, 2124, 2171, 2216, 2260, 2301, 2340], 2172: [2026, 2077, 2125, 2172, 2217, 2261, 2302], 2173: [2027, 2078, 2126, 2173, 2218, 2262, 2303, 2342], 2174: [2079, 2127, 2174, 2219, 2263, 2304, 2343, 2379], 2299: [2214, 2258, 2298, 2299, 2337, 2338, 2339, 2375], 2377: [2341, 2376, 2377, 2378, 2411, 2412, 2413, 2445]}
{316: [269, 270, 271, 272, 314, 315, 316, 317], 364: [273, 274, 318, 319, 364, 365, 410, 456], 366: [275, 276, 320, 321, 366, 367, 412, 458], 454: [361, 362, 363, 408, 454, 501], 546: [360, 406, 452, 499, 546, 594, 643, 692], 547: [407, 453, 500, 547, 595, 644], 549: [409, 455, 502, 503, 549, 550, 597, 598], 551: [411, 457, 504, 505, 551, 599, 648, 697], 553: [413, 459, 506, 552, 553, 601, 650, 699], 694: [596, 645, 693, 694, 743, 793, 843, 894], 695: [646, 647, 695, 696, 744, 794, 844, 895], 698: [600, 649, 698, 747, 748, 797, 847, 898], 792: [741, 742, 791, 792, 841, 842, 892, 893], 795: [745, 746, 795, 796, 845, 846, 896, 897]}
{299: [211, 212, 253, 254, 298, 299, 343, 344], 341: [251, 294, 295, 296, 340, 341, 386, 387], 391: [213, 255, 300, 345, 390, 391, 436, 437], 434: [252, 297, 342, 388, 432, 433, 434, 480], 484: [346, 392, 438, 484, 485], 524: [339, 385, 431, 477, 524, 571, 619, 668], 526: [478, 479, 525, 526, 572, 573, 621, 670], 528: [389, 435, 481, 527, 528, 574, 575, 623], 530: [482, 483, 529, 530, 576, 577, 624, 625], 627: [532, 579, 627, 628, 676, 677, 725, 726], 675: [578, 626, 674, 675, 723, 724, 772], 718: [620, 669, 717, 718, 766, 767, 816, 817], 720: [622, 671, 719, 720, 768, 769, 818, 819], 722: [672, 673, 721, 722, 770, 771, 820, 821]}
{286: [239, 240, 241, 284, 285, 286, 331, 377], 379: [287, 288, 332, 333, 378, 379, 425, 471], 422: [329, 330, 375, 376, 421, 422, 467, 468], 427: [290, 335, 381, 427], 470: [423, 424, 469, 470, 516, 517, 563, 564], 472: [289, 334, 380, 426, 472, 518, 519, 566], 474: [291, 336, 382, 428, 474, 521, 568, 616], 475: [292, 337, 383, 429, 475, 522, 569, 617], 476: [293, 338, 384, 430, 476, 523, 570, 618], 613: [565, 611, 612, 613, 662, 711, 760, 810], 615: [520, 567, 614, 615, 663, 664, 665, 713], 710: [660, 661, 709, 710, 758, 759, 808, 809], 715: [666, 667, 715, 716, 764, 765, 814, 815], 762: [712, 714, 761, 762, 763, 811, 812, 813]}
{370: [278, 279, 323, 324, 369, 370, 415, 416], 373: [282, 283, 327, 328, 373, 374, 419, 420], 460: [277, 322, 368, 414, 460, 461, 507, 554], 463: [280, 325, 371, 417, 462, 463, 510, 557], 464: [281, 326, 372, 418, 464, 465, 466, 511], 652: [508, 555, 603, 652, 701, 750, 800, 850], 653: [509, 556, 604, 653, 702, 751, 801, 851], 655: [558, 605, 606, 655, 704, 753, 803, 853], 656: [512, 559, 607, 656, 705, 754, 804, 854], 657: [513, 560, 608, 657, 706, 755, 805, 855], 658: [514, 561, 609, 658, 707, 756, 806, 856], 659: [515, 562, 610, 659, 708, 757, 807, 857], 700: [602, 651, 700, 749, 798, 799, 848, 849], 703: [703, 752, 802, 852]}
{67: [15, 40, 67], 91: [9, 34, 61, 91, 124, 160, 198], 92: [10, 35, 62, 92, 125, 161, 199], 93: [11, 36, 63, 93, 126, 162, 200, 242], 94: [12, 37, 64, 94, 127, 163, 201, 243], 95: [13, 38, 65, 95, 128, 164, 202, 244], 96: [14, 39, 66, 96, 129, 165, 203, 245], 98: [16, 41, 68, 98, 131, 167, 205, 247], 99: [17, 42, 69, 99, 132, 168, 206, 248], 100: [18, 43, 70, 100, 133, 169, 207, 249], 101: [19, 44, 71, 101, 134, 170, 208, 250], 102: [20, 45, 72, 102, 135, 171, 209], 103: [21, 46, 73, 103, 136, 137, 172, 210], 104: [22, 47, 74, 104, 105, 138, 173, 174], 130: [130, 166, 204, 246]}
{1458: [1295, 1349, 1403, 1458], 1506: [1288, 1342, 1396, 1451, 1506, 1562], 1507: [1289, 1343, 1397, 1452, 1507, 1563, 1618, 1672], 1508: [1290, 1344, 1398, 1453, 1508, 1564, 1619, 1673], 1509: [1291, 1345, 1399, 1454, 1509, 1565, 1620, 1674], 1510: [1292, 1346, 1400, 1455, 1510, 1566, 1621, 1675], 1511: [1293, 1347, 1401, 1456, 1511, 1567, 1622, 1676], 1512: [1294, 1348, 1402, 1457, 1512, 1568, 1623, 1677], 1514: [1296, 1350, 1404, 1459, 1514, 1570, 1625, 1679], 1515: [1297, 1351, 1405, 1460, 1515, 1571, 1626, 1680], 1516: [1298, 1352, 1406, 1461, 1516, 1572, 1627, 1681], 1517: [1299, 1353, 1407, 1462, 1517, 1573, 1628, 1682], 1518: [1300, 1354, 1408, 1463, 1518, 1574, 1629, 1683], 1519: [1409, 1464, 1519, 1520, 1575, 1630, 1684], 1569: [1569, 1624, 1678]}
{85: [3, 28, 55, 85], 109: [75, 76, 108, 109, 144, 145, 183, 225], 111: [48, 77, 78, 110, 111, 146, 147, 185], 113: [23, 49, 50, 80, 113, 149, 187, 229], 114: [24, 51, 81, 114, 150, 188, 230], 115: [25, 52, 82, 115, 151, 189, 231], 116: [1, 26, 53, 83, 116, 152, 190, 232], 117: [2, 27, 54, 84, 117, 153, 191, 233], 119: [4, 29, 56, 86, 119, 155, 193, 235], 120: [5, 30, 57, 87, 120, 156, 194, 236], 121: [6, 31, 58, 88, 121, 157, 195, 237], 122: [7, 32, 59, 89, 122, 158, 196, 238], 123: [8, 33, 60, 90, 123, 159, 197], 148: [79, 112, 148, 184, 186, 226, 227, 228], 154: [154, 192, 234]}
{982: [877, 929, 930, 931, 981, 982, 983, 1033], 986: [932, 933, 934, 935, 984, 985, 986, 1038], 1040: [936, 988, 989, 990, 1040, 1041, 1042, 1093], 1145: [987, 1039, 1092, 1145, 1146], 1193: [1086, 1139, 1192, 1193, 1247, 1301, 1355, 1410], 1194: [1034, 1087, 1140, 1194, 1248, 1302, 1356, 1411], 1195: [1035, 1088, 1141, 1195, 1249, 1303, 1357, 1412], 1196: [1036, 1089, 1142, 1196, 1250, 1304, 1358, 1413], 1197: [1037, 1090, 1143, 1197, 1251, 1305, 1359, 1414], 1198: [1091, 1144, 1198, 1252, 1306, 1360, 1415], 1201: [1094, 1147, 1200, 1201, 1255, 1309, 1363, 1418], 1202: [1095, 1148, 1202, 1256, 1310, 1364, 1419, 1420], 1203: [991, 1043, 1096, 1149, 1203, 1257, 1311, 1365], 1307: [1253, 1254, 1307, 1308, 1361, 1362, 1416, 1417]}
{2189: [2043, 2094, 2142, 2189], 2229: [2038, 2089, 2137, 2184, 2229, 2273, 2314, 2353], 2230: [2039, 2090, 2138, 2185, 2230, 2274, 2315, 2354], 2231: [2040, 2091, 2139, 2186, 2231, 2275, 2316, 2355], 2232: [2041, 2092, 2140, 2187, 2232, 2276, 2317, 2356], 2233: [2042, 2093, 2141, 2188, 2233, 2277, 2318, 2357], 2235: [2044, 2095, 2143, 2190, 2235, 2279, 2320, 2359], 2236: [2045, 2096, 2144, 2191, 2236, 2280, 2321, 2360], 2237: [2046, 2097, 2145, 2192, 2237, 2281, 2322, 2361], 2238: [2047, 2098, 2146, 2193, 2238, 2282, 2323, 2362], 2239: [2048, 2099, 2147, 2194, 2239, 2283, 2324, 2363], 2240: [2100, 2148, 2195, 2240, 2284, 2325, 2364], 2241: [2101, 2149, 2196, 2241, 2285, 2326, 2365], 2242: [2102, 2150, 2197, 2242, 2286, 2327, 2366], 2278: [2278, 2319, 2358]}
{2432: [2398, 2399, 2400, 2432, 2433, 2434, 2464, 2493], 2460: [2393, 2394, 2395, 2427, 2428, 2459, 2460, 2489], 2467: [2401, 2402, 2435, 2436, 2466, 2467, 2496, 2523], 2487: [2390, 2391, 2392, 2426, 2458, 2487, 2514, 2538], 2512: [2424, 2456, 2485, 2511, 2512, 2535, 2536, 2556], 2513: [2425, 2457, 2486, 2513, 2537, 2557, 2558, 2577], 2517: [2429, 2461, 2490, 2517, 2541, 2562, 2581, 2597], 2518: [2396, 2430, 2462, 2491, 2518, 2542, 2563, 2582], 2519: [2397, 2431, 2463, 2492, 2519, 2520, 2543, 2544], 2521: [2465, 2494, 2495, 2521, 2522, 2545, 2566, 2585], 2539: [2488, 2515, 2539, 2559, 2560, 2578, 2579, 2595], 2540: [2540, 2561, 2580, 2596], 2567: [2546, 2547, 2567, 2568, 2586, 2587, 2602, 2603], 2583: [2564, 2565, 2583, 2584, 2598, 2599, 2600, 2601]}
