The optimal value is 164654.3612
Service ways: {24, 3, 13}
Inverters: 281 23 270 597 229 615 634
Cable routing:
{133: [84, 85, 107, 108, 109, 132, 133, 134], 161: [135, 136, 158, 159, 160, 161, 162, 163], 189: [157, 185, 186, 187, 188, 189, 190, 191], 218: [214, 215, 216, 217, 218, 219], 221: [164, 192, 193, 220, 221, 222, 223, 224], 249: [246, 247, 248, 249, 250, 251, 252, 253], 280: [278, 279, 280], 282: [282, 283, 284], 286: [254, 255, 285, 286, 287, 319, 320, 354], 314: [311, 312, 313, 314, 315, 316, 317, 318], 349: [346, 347, 348, 349, 350, 351, 352, 353], 384: [381, 382, 383, 384, 385, 386, 387, 388], 418: [415, 416, 417, 418, 419, 420, 421, 422], 451: [448, 449, 450, 451, 452, 453, 454, 455], 484: [481, 482, 483, 484, 485, 486, 487, 488]}
{5: [1, 2, 3, 4, 5, 6, 7], 12: [9, 10, 11, 12, 13, 14, 15, 16], 19: [8, 17, 18, 19, 20, 31, 32, 33], 22: [21, 22], 25: [24, 25, 26, 27, 28], 37: [34, 35, 36, 37, 38, 39], 41: [40, 41, 42, 43, 44, 59, 60, 78], 55: [51, 52, 53, 54, 55, 56, 57, 58], 61: [61, 62, 63, 79, 80, 81, 82, 83], 74: [70, 71, 72, 73, 74, 75, 76, 77], 97: [93, 94, 95, 96, 97, 98, 99, 100], 101: [101, 102, 103, 104, 105, 106, 126, 153], 122: [118, 119, 120, 121, 122, 123, 124, 125], 128: [127, 128, 129, 130, 131, 154, 155, 156], 149: [145, 146, 147, 148, 149, 150, 151, 152]}
{178: [173, 174, 175, 176, 177, 178, 179, 180], 207: [202, 203, 204, 205, 206, 207, 208, 209], 211: [181, 182, 183, 184, 210, 211, 212, 213], 238: [236, 237, 238, 239, 240, 241, 242, 243], 267: [233, 234, 235, 265, 266, 267, 268, 269], 271: [271, 272, 273, 274], 276: [244, 245, 275, 276, 277, 308, 309, 310], 300: [298, 299, 300, 301, 333, 334, 335, 336], 303: [302, 303, 304, 305, 306, 307, 337, 338], 341: [339, 340, 341, 342, 343, 344, 345, 376], 373: [368, 369, 370, 371, 372, 373, 374, 375], 378: [377, 378, 379, 380, 411, 412, 413, 414], 404: [402, 403, 404, 405, 435, 436, 437, 438], 407: [406, 407, 408, 409, 410, 439, 440, 441]}
{475: [442, 443, 471, 472, 473, 474, 475, 476], 478: [444, 445, 446, 447, 477, 478, 479, 480], 502: [468, 469, 470, 499, 500, 501, 502, 503], 507: [505, 506, 507, 508, 509, 510, 511, 512], 535: [504, 530, 531, 532, 533, 534, 535, 536], 568: [537, 538, 539, 565, 566, 567, 568, 569], 571: [540, 541, 542, 543, 570, 571, 572, 573], 593: [561, 562, 563, 564, 591, 592, 593, 620], 596: [594, 595, 596, 621, 622, 623], 598: [598, 599, 600, 601, 602, 625], 628: [626, 627, 628, 629, 654, 655, 679, 680], 650: [624, 647, 648, 649, 650, 651, 652, 653], 675: [673, 674, 675, 676, 677, 678, 698, 699], 701: [700, 701, 702, 719, 720, 721, 736, 737]}
{47: [29, 30, 45, 46, 47, 48, 49, 50], 66: [64, 65, 66, 67, 68, 69], 89: [86, 87, 88, 89, 90, 91, 92], 114: [110, 111, 112, 113, 114, 115, 116, 117], 141: [137, 138, 139, 140, 141, 142, 143, 144], 169: [165, 166, 167, 168, 169, 170, 171, 172], 198: [194, 195, 196, 197, 198, 199, 200, 201], 228: [225, 226, 227, 228], 230: [230, 231, 232], 261: [257, 258, 259, 260, 261, 262, 263, 264], 294: [290, 291, 292, 293, 294, 295, 296, 297], 329: [325, 326, 327, 328, 329, 330, 331, 332], 364: [360, 361, 362, 363, 364, 365, 366, 367], 398: [396, 397, 398, 399, 400, 401, 430, 431], 432: [432, 433, 434, 464, 465, 466, 467, 498]}
{322: [256, 288, 289, 321, 322, 323, 324, 356], 393: [357, 358, 359, 391, 392, 393, 394, 395], 424: [355, 389, 390, 423, 424, 425, 426, 457], 460: [427, 428, 429, 459, 460, 461, 462, 463], 492: [456, 458, 489, 490, 491, 492, 493, 494], 527: [495, 496, 497, 525, 526, 527, 528, 529], 554: [521, 522, 523, 524, 552, 553, 554, 555], 586: [556, 583, 584, 585, 586], 588: [557, 558, 559, 560, 587, 588, 589, 590], 614: [612, 613, 614], 616: [616, 617, 618, 619], 642: [639, 640, 641, 642, 643, 644, 645, 646], 668: [665, 666, 667, 668, 669, 670, 671, 672], 693: [690, 691, 692, 693, 694, 695, 696, 697], 716: [714, 715, 716, 717, 718, 733, 734, 735]}
{517: [513, 514, 515, 516, 517, 518, 519, 520], 548: [544, 545, 546, 547, 548, 549, 550, 551], 578: [574, 575, 576, 577, 578, 579, 580, 581], 607: [582, 605, 606, 607, 608, 609, 610, 611], 631: [603, 604, 630, 631, 632, 633, 656, 657], 635: [635, 636, 637, 638], 660: [658, 659, 660, 661, 662, 663, 664, 689], 685: [681, 682, 683, 684, 685, 686, 687, 688], 704: [703, 704, 705, 722, 723, 724, 738, 739], 709: [706, 707, 708, 709, 710, 711, 712, 713], 728: [725, 726, 727, 728, 729, 730, 731, 732], 744: [741, 742, 743, 744, 745, 746, 747, 748], 751: [740, 749, 750, 751, 758, 759, 760, 763], 755: [752, 753, 754, 755, 756, 757, 761, 762]}
