The optimal value is 455140.6600
Service ways: {35, 7, 45, 17, 27}
Inverters: 1540 660 220 1964 197 188 671 1099 1505 1985 1088 208 1529 1111 633 1976 646 1125 1953 1519
Cable routing:
{1346: [1342, 1343, 1344, 1345, 1346, 1347, 1348, 1349], 1395: [1391, 1392, 1393, 1394, 1395, 1396, 1397, 1398], 1444: [1440, 1441, 1442, 1443, 1444, 1445, 1446, 1447], 1450: [1400, 1401, 1402, 1403, 1449, 1450, 1451, 1452], 1492: [1488, 1489, 1490, 1491, 1492, 1493, 1494, 1541], 1496: [1399, 1448, 1495, 1496, 1497, 1498, 1499, 1500], 1539: [1536, 1537, 1538, 1539], 1544: [1542, 1543, 1544, 1545, 1546, 1547, 1548, 1592], 1588: [1584, 1585, 1586, 1587, 1588, 1589, 1590, 1591], 1594: [1593, 1594, 1595, 1596, 1640, 1641, 1642, 1643], 1635: [1631, 1632, 1633, 1634, 1635, 1636, 1637, 1638], 1681: [1677, 1678, 1679, 1680, 1681, 1682, 1683, 1684], 1685: [1639, 1685, 1686, 1687, 1688, 1689, 1730, 1731], 1726: [1722, 1723, 1724, 1725, 1726, 1727, 1728, 1729]}
{432: [429, 430, 431, 432, 433, 434, 435, 436], 476: [473, 474, 475, 476, 477, 478, 479, 480], 521: [518, 519, 520, 521, 522, 523, 524, 525], 563: [428, 472, 515, 516, 517, 561, 562, 563], 567: [564, 565, 566, 567, 568, 569, 570, 571], 613: [609, 610, 611, 612, 613, 614, 615, 616], 655: [607, 608, 654, 655, 656, 702, 703, 751], 659: [657, 658, 659], 661: [661, 662], 664: [617, 618, 663, 664, 665, 712, 713], 708: [704, 705, 706, 707, 708, 709, 710, 711], 756: [752, 753, 754, 755, 756, 757, 805, 806], 759: [758, 759, 760, 761, 807, 808, 809, 810], 802: [800, 801, 802, 803, 804, 850, 851, 852], 855: [853, 854, 855, 856, 857, 858, 859, 860]}
{68: [38, 39, 40, 65, 66, 67, 68, 69], 97: [63, 64, 94, 95, 96, 97, 98, 99], 103: [17, 41, 42, 70, 71, 102, 103, 104], 138: [100, 101, 135, 136, 137, 138, 139, 140], 174: [131, 132, 133, 134, 172, 173, 174, 175], 179: [141, 177, 178, 179, 180, 181, 182, 183], 217: [176, 213, 214, 215, 216, 217, 218, 219], 221: [221, 222, 223, 224], 257: [255, 256, 257, 258, 298, 299, 300, 301], 262: [259, 260, 261, 262, 263, 264, 265, 266], 305: [302, 303, 304, 305, 306, 307, 308, 309], 343: [341, 342, 343, 344, 384, 385, 386, 387], 348: [345, 346, 347, 348, 349, 350, 351, 352], 391: [388, 389, 390, 391, 392, 393, 394, 395]}
{1747: [1743, 1744, 1745, 1746, 1747, 1748, 1749, 1750], 1791: [1742, 1787, 1788, 1789, 1790, 1791, 1792, 1793], 1796: [1751, 1752, 1753, 1795, 1796, 1797, 1798, 1799], 1836: [1794, 1834, 1835, 1836, 1837, 1838, 1839, 1879], 1876: [1831, 1832, 1833, 1874, 1875, 1876, 1877, 1878], 1883: [1840, 1841, 1842, 1881, 1882, 1883, 1884, 1885], 1922: [1880, 1920, 1921, 1922, 1923, 1924], 1961: [1917, 1918, 1919, 1959, 1960, 1961, 1962, 1963], 1967: [1925, 1926, 1927, 1965, 1966, 1967, 1968, 1969], 2002: [2001, 2002, 2003, 2004, 2042, 2043, 2083, 2123], 2006: [2005, 2006, 2007, 2008, 2009, 2010], 2047: [2044, 2045, 2046, 2047, 2048, 2049, 2050, 2051], 2088: [2084, 2085, 2086, 2087, 2088, 2089, 2090, 2091], 2128: [2124, 2125, 2126, 2127, 2128, 2129, 2130, 2131]}
{11: [7, 8, 9, 10, 11, 12, 13, 14], 32: [28, 29, 30, 31, 32, 33, 34, 35], 57: [53, 54, 55, 56, 57, 58, 59, 60], 61: [15, 16, 36, 37, 61, 62, 90, 91], 86: [82, 83, 84, 85, 86, 87, 88, 89], 119: [115, 116, 117, 118, 119, 120, 121, 156], 159: [122, 123, 124, 157, 158, 159, 160, 161], 195: [152, 153, 154, 155, 193, 194, 195, 196], 199: [198, 199, 200, 201, 202], 238: [234, 235, 236, 237, 238, 239, 240, 241], 280: [276, 277, 278, 279, 280, 281, 282], 284: [242, 243, 283, 284, 285, 327, 328, 370], 323: [319, 320, 321, 322, 323, 324, 325, 326], 366: [362, 363, 364, 365, 366, 367, 368, 369]}
{22: [1, 2, 18, 19, 20, 21, 22, 23], 25: [3, 4, 5, 6, 24, 25, 26, 27], 48: [45, 46, 47, 48, 49, 50, 51, 52], 77: [74, 75, 76, 77, 78, 79, 80, 81], 106: [43, 44, 72, 73, 105, 106, 142, 143], 110: [107, 108, 109, 110, 111, 112, 113, 114], 147: [144, 145, 146, 147, 148, 149, 150, 151], 186: [184, 185, 186, 187, 225, 226, 227, 228], 189: [189, 190, 191, 192], 231: [229, 230, 231, 232, 233, 273, 274, 275], 270: [267, 268, 269, 270, 271, 272, 310, 353], 314: [311, 312, 313, 314, 315, 316, 317, 318], 357: [354, 355, 356, 357, 358, 359, 360, 361], 400: [396, 397, 398, 399, 400, 401, 402, 403]}
{443: [440, 441, 442, 443, 444, 445, 446, 447], 482: [437, 438, 439, 481, 482, 483, 526, 527], 487: [484, 485, 486, 487, 488, 489, 490, 491], 532: [529, 530, 531, 532, 533, 534, 535, 536], 578: [575, 576, 577, 578, 579, 580, 581, 582], 620: [528, 572, 573, 574, 619, 620, 621, 622], 624: [623, 624, 625, 626, 627, 628], 669: [666, 667, 668, 669, 670], 672: [672, 673, 674, 675], 716: [714, 715, 716, 717, 762, 763, 764], 719: [718, 719, 720, 721, 722, 723], 767: [765, 766, 767, 768, 769, 770, 771, 816], 813: [811, 812, 813, 814, 815, 861, 862, 863], 818: [817, 818, 819, 820, 869, 870, 918, 919], 866: [864, 865, 866, 867, 868, 915, 916, 917]}
{895: [892, 893, 894, 895, 896, 897, 898, 899], 942: [889, 890, 891, 940, 941, 942, 992, 993], 946: [943, 944, 945, 946, 947, 948, 949, 950], 997: [994, 995, 996, 997, 998, 999, 1000, 1001], 1048: [1044, 1045, 1046, 1047, 1048, 1049, 1050, 1051], 1094: [991, 1042, 1043, 1093, 1094, 1144, 1145, 1146], 1098: [1095, 1096, 1097, 1098], 1102: [1052, 1100, 1101, 1102, 1103, 1104, 1154, 1155], 1150: [1147, 1148, 1149, 1150, 1151, 1152, 1153, 1200], 1198: [1194, 1195, 1196, 1197, 1198, 1199, 1248, 1297], 1203: [1201, 1202, 1203, 1204, 1205, 1253, 1254, 1255], 1246: [1244, 1245, 1246, 1247, 1293, 1294, 1295, 1296], 1250: [1249, 1250, 1251, 1252, 1298, 1299, 1300, 1350], 1302: [1301, 1302, 1303, 1304, 1351, 1352, 1353, 1354]}
{1309: [1306, 1307, 1308, 1309, 1310, 1311, 1312, 1313], 1358: [1256, 1305, 1355, 1356, 1357, 1358, 1359, 1360], 1364: [1314, 1315, 1316, 1362, 1363, 1364, 1365, 1366], 1408: [1361, 1405, 1406, 1407, 1408, 1409, 1410, 1411], 1457: [1404, 1453, 1454, 1455, 1456, 1457, 1458, 1459], 1462: [1412, 1413, 1414, 1415, 1461, 1462, 1463, 1464], 1504: [1501, 1502, 1503, 1504], 1508: [1460, 1506, 1507, 1508, 1509, 1510, 1511, 1512], 1553: [1549, 1550, 1551, 1552, 1553, 1554, 1555, 1556], 1558: [1557, 1558, 1559, 1560, 1605, 1606, 1607, 1608], 1601: [1597, 1598, 1599, 1600, 1601, 1602, 1603, 1604], 1648: [1644, 1645, 1646, 1647, 1648, 1649, 1650, 1651], 1653: [1652, 1653, 1654, 1655, 1698, 1699, 1700, 1701], 1694: [1690, 1691, 1692, 1693, 1694, 1695, 1696, 1697]}
{1771: [1767, 1768, 1769, 1770, 1771, 1772, 1773, 1774], 1815: [1811, 1812, 1813, 1814, 1815, 1816, 1817, 1818], 1858: [1854, 1855, 1856, 1857, 1858, 1859, 1860, 1861], 1862: [1775, 1776, 1819, 1820, 1862, 1863, 1905, 1906], 1901: [1897, 1898, 1899, 1900, 1901, 1902, 1903, 1904], 1943: [1939, 1940, 1941, 1942, 1943, 1944, 1945, 1946], 1984: [1981, 1982, 1983, 1984], 1986: [1986, 1987], 1989: [1947, 1948, 1988, 1989, 1990, 2030, 2031], 2026: [2022, 2023, 2024, 2025, 2026, 2027, 2028, 2029], 2067: [2063, 2064, 2065, 2066, 2067, 2068, 2069, 2070], 2107: [2103, 2104, 2105, 2106, 2107, 2108, 2109], 2111: [2071, 2072, 2110, 2111, 2112, 2151, 2152, 2180], 2147: [2143, 2144, 2145, 2146, 2147, 2148, 2149, 2150], 2176: [2172, 2173, 2174, 2175, 2176, 2177, 2178, 2179]}
{834: [782, 783, 784, 785, 832, 833, 834, 835], 886: [836, 837, 838, 884, 885, 886, 887, 888], 932: [831, 880, 881, 882, 930, 931, 932, 982], 935: [883, 933, 934, 935, 936, 937, 938, 939], 986: [983, 984, 985, 986, 987, 988, 989, 990], 1037: [1034, 1035, 1036, 1037, 1038, 1039, 1040, 1041], 1085: [981, 1032, 1033, 1083, 1084, 1085, 1086, 1087], 1089: [1089, 1090, 1091, 1092], 1135: [1133, 1134, 1135, 1136, 1183, 1184, 1185, 1186], 1139: [1137, 1138, 1139, 1140, 1141, 1142, 1143, 1187], 1189: [1188, 1189, 1190, 1191, 1192, 1193, 1238, 1239], 1235: [1233, 1234, 1235, 1236, 1237, 1282, 1283, 1284], 1241: [1240, 1241, 1242, 1243, 1291, 1292, 1340, 1341], 1288: [1285, 1286, 1287, 1288, 1289, 1290, 1338, 1339]}
{127: [92, 93, 125, 126, 127, 128, 129, 130], 167: [164, 165, 166, 167, 168, 169, 170, 171], 205: [162, 163, 203, 204, 205, 206, 207, 246], 209: [209, 210, 211, 212], 250: [247, 248, 249, 250, 251, 252, 253, 254], 288: [244, 245, 286, 287, 288, 289, 329, 330], 293: [290, 291, 292, 293, 294, 295, 296, 297], 336: [333, 334, 335, 336, 337, 338, 339, 340], 375: [331, 332, 371, 372, 373, 374, 375, 419], 379: [376, 377, 378, 379, 380, 381, 382, 383], 416: [414, 415, 416, 417, 418, 458, 459, 460], 423: [420, 421, 422, 423, 424, 425, 426, 427], 465: [461, 462, 463, 464, 465, 466, 510, 511], 468: [467, 468, 469, 470, 471, 512, 513, 514]}
{1382: [1331, 1332, 1333, 1334, 1380, 1381, 1382, 1383], 1386: [1336, 1337, 1385, 1386, 1387, 1388, 1389, 1390], 1433: [1335, 1384, 1430, 1431, 1432, 1433, 1434, 1435], 1481: [1478, 1479, 1480, 1481, 1482, 1483], 1485: [1436, 1437, 1438, 1439, 1484, 1485, 1486, 1487], 1525: [1429, 1477, 1524, 1525, 1526, 1572, 1573, 1619], 1528: [1527, 1528], 1531: [1530, 1531, 1532, 1533, 1534, 1535], 1577: [1574, 1575, 1576, 1577, 1578, 1579], 1581: [1580, 1581, 1582, 1583, 1628, 1629, 1630, 1674], 1624: [1620, 1621, 1622, 1623, 1624, 1625, 1626, 1627], 1670: [1666, 1667, 1668, 1669, 1670, 1671, 1672, 1673], 1715: [1711, 1712, 1713, 1714, 1715, 1716, 1717, 1718], 1720: [1675, 1676, 1719, 1720, 1721, 1764, 1765, 1766], 1760: [1756, 1757, 1758, 1759, 1760, 1761, 1762, 1763]}
{907: [904, 905, 906, 907, 908, 909, 910, 911], 953: [900, 901, 902, 903, 951, 952, 953, 954], 958: [955, 956, 957, 958, 959, 960, 961], 963: [912, 913, 914, 962, 963, 964, 965, 1015], 1009: [1006, 1007, 1008, 1009, 1010, 1011, 1012, 1013], 1055: [1002, 1003, 1004, 1005, 1053, 1054, 1055, 1056], 1060: [1057, 1058, 1059, 1060, 1061, 1062, 1063, 1064], 1109: [1105, 1106, 1107, 1108, 1109, 1110], 1112: [1112, 1113, 1114], 1116: [1014, 1065, 1066, 1115, 1116, 1117, 1167, 1168], 1158: [1156, 1157, 1158, 1159, 1206, 1207, 1208, 1257], 1162: [1160, 1161, 1162, 1163, 1164, 1165], 1212: [1209, 1210, 1211, 1212, 1213, 1214], 1216: [1166, 1215, 1216, 1217, 1218, 1266, 1267, 1268], 1262: [1258, 1259, 1260, 1261, 1262, 1263, 1264, 1265]}
{408: [404, 405, 406, 407, 408, 409, 410, 411], 452: [448, 449, 450, 451, 452, 453, 454, 455], 496: [492, 493, 494, 495, 496, 497, 498, 499], 500: [412, 413, 456, 457, 500, 501, 545, 546], 541: [537, 538, 539, 540, 541, 542, 543, 544], 587: [583, 584, 585, 586, 587, 588, 589, 590], 632: [629, 630, 631, 632], 634: [634, 635], 637: [591, 592, 636, 637, 638, 684, 685], 680: [676, 677, 678, 679, 680, 681, 682, 683], 728: [724, 725, 726, 727, 728, 729, 730, 731], 776: [772, 773, 774, 775, 776, 777, 778], 780: [732, 733, 779, 780, 781, 829, 830, 879], 825: [821, 822, 823, 824, 825, 826, 827, 828], 875: [871, 872, 873, 874, 875, 876, 877, 878]}
{1806: [1803, 1804, 1805, 1806, 1807, 1808, 1809, 1810], 1844: [1800, 1801, 1802, 1843, 1844, 1845, 1886, 1887], 1849: [1846, 1847, 1848, 1849, 1850, 1851, 1852, 1853], 1892: [1889, 1890, 1891, 1892, 1893, 1894, 1895, 1896], 1934: [1931, 1932, 1933, 1934, 1935, 1936, 1937, 1938], 1972: [1888, 1928, 1929, 1930, 1970, 1971, 1972, 1973], 1975: [1974, 1975], 1977: [1977, 1978, 1979, 1980], 2013: [2011, 2012, 2013, 2014, 2015, 2052, 2053, 2054], 2017: [2016, 2017, 2018, 2019, 2020, 2021], 2058: [2055, 2056, 2057, 2058, 2059, 2060, 2061, 2062], 2094: [2092, 2093, 2094, 2132, 2133, 2134, 2162, 2163], 2098: [2095, 2096, 2097, 2098, 2099, 2100, 2101, 2102], 2138: [2135, 2136, 2137, 2138, 2139, 2140, 2141, 2142], 2167: [2164, 2165, 2166, 2167, 2168, 2169, 2170, 2171]}
{507: [502, 503, 504, 505, 506, 507, 508, 509], 553: [549, 550, 551, 552, 553, 554, 555, 556], 599: [594, 595, 596, 597, 598, 599, 600, 601], 604: [557, 558, 559, 560, 603, 604, 605, 606], 640: [547, 548, 593, 639, 640, 641, 686, 687], 645: [642, 643, 644, 645], 649: [602, 647, 648, 649, 650, 651, 652, 653], 694: [690, 691, 692, 693, 694, 695, 696, 697], 699: [698, 699, 700, 701, 747, 748, 749, 750], 737: [688, 689, 734, 735, 736, 737, 738, 786], 742: [739, 740, 741, 742, 743, 744, 745, 746], 791: [787, 788, 789, 790, 791, 792, 793, 794], 797: [795, 796, 797, 798, 799, 847, 848, 849], 841: [839, 840, 841, 842, 843, 844, 845, 846]}
{924: [922, 923, 924, 925, 926, 927, 928, 929], 972: [920, 921, 970, 971, 972, 973, 974, 975], 1019: [966, 967, 968, 969, 1016, 1017, 1018, 1019], 1023: [1020, 1021, 1022, 1023, 1024, 1025, 1026], 1029: [977, 978, 979, 980, 1028, 1029, 1030, 1031], 1074: [1071, 1072, 1073, 1074, 1075, 1076], 1078: [976, 1027, 1077, 1078, 1079, 1080, 1081, 1082], 1120: [1067, 1068, 1069, 1070, 1118, 1119, 1120, 1121], 1124: [1122, 1123, 1124], 1128: [1126, 1127, 1128, 1129, 1130, 1131, 1132], 1171: [1169, 1170, 1171, 1172, 1219, 1220, 1221, 1222], 1176: [1173, 1174, 1175, 1176, 1177, 1178], 1180: [1179, 1180, 1181, 1182, 1230, 1231, 1232], 1226: [1224, 1225, 1226, 1227, 1228, 1229, 1276, 1277], 1273: [1223, 1269, 1270, 1271, 1272, 1273, 1274, 1275]}
{1736: [1732, 1733, 1734, 1735, 1736, 1737, 1738, 1739], 1781: [1777, 1778, 1779, 1780, 1781, 1782, 1783, 1784], 1825: [1821, 1822, 1823, 1824, 1825, 1826, 1827, 1828], 1829: [1740, 1741, 1785, 1786, 1829, 1830, 1872, 1873], 1868: [1864, 1865, 1866, 1867, 1868, 1869, 1870, 1871], 1911: [1907, 1908, 1909, 1910, 1911, 1912, 1913, 1914], 1952: [1949, 1950, 1951, 1952], 1954: [1954, 1955], 1957: [1915, 1916, 1956, 1957, 1958, 1999, 2000], 1995: [1991, 1992, 1993, 1994, 1995, 1996, 1997, 1998], 2036: [2032, 2033, 2034, 2035, 2036, 2037, 2038, 2039], 2077: [2073, 2074, 2075, 2076, 2077, 2078, 2079], 2081: [2040, 2041, 2080, 2081, 2082, 2121, 2122, 2161], 2117: [2113, 2114, 2115, 2116, 2117, 2118, 2119, 2120], 2157: [2153, 2154, 2155, 2156, 2157, 2158, 2159, 2160]}
{1323: [1320, 1321, 1322, 1323, 1324, 1325, 1326, 1372], 1328: [1278, 1279, 1280, 1281, 1327, 1328, 1329, 1330], 1369: [1317, 1318, 1319, 1367, 1368, 1369, 1370, 1371], 1422: [1373, 1374, 1375, 1420, 1421, 1422, 1423, 1424], 1426: [1376, 1377, 1378, 1379, 1425, 1426, 1427, 1428], 1467: [1416, 1417, 1418, 1419, 1465, 1466, 1467, 1468], 1471: [1469, 1470, 1471, 1472, 1473, 1474, 1475, 1476], 1517: [1513, 1514, 1515, 1516, 1517, 1518, 1565, 1566], 1520: [1520, 1521, 1522, 1523], 1563: [1561, 1562, 1563, 1564, 1609, 1610, 1611, 1612], 1569: [1567, 1568, 1569, 1570, 1571, 1618, 1664, 1665], 1615: [1613, 1614, 1615, 1616, 1617, 1661, 1662, 1663], 1658: [1656, 1657, 1658, 1659, 1660, 1702, 1703, 1704], 1708: [1705, 1706, 1707, 1708, 1709, 1710, 1754, 1755]}
