The optimal value is 135723.7909
Service ways: {17, 26, 6}
Inverters: 339 546 115 533 87 330
Cable routing:
{229: [225, 226, 227, 228, 229, 230, 231, 232], 251: [247, 248, 249, 250, 251, 252, 253, 254], 273: [269, 270, 271, 272, 273, 274, 275], 277: [233, 234, 255, 256, 276, 277, 278, 279], 295: [291, 292, 293, 294, 295, 296, 297, 298], 317: [313, 314, 315, 316, 317, 318], 321: [299, 300, 301, 319, 320, 321, 322, 323], 338: [335, 336, 337, 338], 340: [340, 341, 342], 344: [343, 344, 345, 365, 366, 367, 388, 389], 361: [357, 358, 359, 360, 361, 362, 363, 364], 383: [379, 380, 381, 382, 383, 384, 385, 386], 406: [402, 403, 404, 405, 406, 407, 408, 431], 410: [387, 409, 410, 411, 412, 432, 433, 434], 428: [425, 426, 427, 428, 429, 430, 448, 449]}
{454: [450, 451, 452, 453, 454, 455, 456, 457], 477: [473, 474, 475, 476, 477, 478, 479, 480], 500: [497, 498, 499, 500, 501, 502, 503, 504], 518: [471, 472, 494, 495, 496, 517, 518, 519], 523: [520, 521, 522, 523, 524, 525, 526, 527], 543: [540, 541, 542, 543, 544, 545, 565, 566], 547: [547, 548, 549, 550], 570: [567, 568, 569, 570, 571, 572, 573, 574], 587: [564, 586, 587, 588, 607, 608, 609, 625], 592: [589, 590, 591, 592, 593, 594, 595, 596], 613: [610, 611, 612, 613, 614, 615, 616, 617], 631: [628, 629, 630, 631, 632, 633, 634, 635], 644: [626, 627, 641, 642, 643, 644, 645, 646], 648: [647, 648, 649, 650, 651, 652, 653, 654]}
{24: [20, 21, 22, 23, 24, 25, 26, 27], 42: [38, 39, 40, 41, 42, 43, 44, 45], 60: [56, 57, 58, 59, 60, 61, 62, 63], 78: [74, 75, 76, 77, 78, 79, 80, 81], 96: [92, 93, 94, 95, 96, 97, 98, 99], 114: [111, 112, 113, 114], 116: [116, 117], 119: [64, 82, 100, 101, 118, 119, 120, 121], 135: [131, 132, 133, 134, 135, 136], 139: [137, 138, 139, 140, 141, 159, 160, 161], 155: [151, 152, 153, 154, 155, 156, 157, 158], 175: [171, 172, 173, 174, 175, 176, 177, 178], 180: [179, 180, 181, 182, 200, 201, 202, 203], 193: [191, 192, 193, 194, 212, 213, 214, 215], 196: [195, 196, 197, 198, 199, 216, 217, 218]}
{441: [437, 438, 439, 440, 441, 442, 443, 444], 464: [460, 461, 462, 463, 464, 465, 466, 467], 469: [445, 446, 447, 468, 469, 470, 492, 493], 482: [435, 436, 458, 459, 481, 482, 483, 505], 487: [484, 485, 486, 487, 488, 489, 490, 491], 510: [506, 507, 508, 509, 510, 511, 512, 513], 530: [528, 529, 530, 531, 532, 551, 552, 553], 534: [534, 535, 536, 537], 538: [514, 515, 516, 538, 539, 561, 562, 563], 556: [554, 555, 556, 557, 558, 559, 560, 580], 577: [575, 576, 577, 578, 579, 597, 598, 599], 582: [581, 582, 583, 584, 585, 604, 605, 606], 602: [600, 601, 602, 603, 622, 623, 624, 640], 620: [618, 619, 620, 621, 636, 637, 638, 639]}
{6: [2, 3, 4, 5, 6, 7, 8, 9], 15: [12, 13, 14, 15, 16, 17, 18, 19], 33: [30, 31, 32, 33, 34, 35, 36, 37], 47: [1, 10, 11, 28, 29, 46, 47, 65], 51: [48, 49, 50, 51, 52, 53, 54, 55], 69: [66, 67, 68, 69, 70, 71, 72, 73], 85: [83, 84, 85, 86, 102, 103, 104, 105], 88: [88, 89, 90, 91], 108: [106, 107, 108, 109, 110, 128, 129, 130], 125: [122, 123, 124, 125, 126, 127, 142, 162], 146: [143, 144, 145, 146, 147, 148, 149, 150], 166: [163, 164, 165, 166, 167, 168, 169, 170], 187: [183, 184, 185, 186, 187, 188, 189, 190], 208: [204, 205, 206, 207, 208, 209, 210, 211]}
{241: [219, 220, 221, 237, 238, 239, 240, 241], 243: [222, 223, 224, 242, 243, 244, 245, 246], 259: [235, 236, 257, 258, 259, 260, 280, 281], 264: [261, 262, 263, 264, 265, 266, 267, 268], 286: [283, 284, 285, 286, 287, 288, 289, 290], 308: [305, 306, 307, 308, 309, 310, 311, 312], 326: [282, 302, 303, 304, 324, 325, 326, 327], 329: [328, 329], 331: [331, 332, 333, 334], 348: [346, 347, 348, 349, 350, 368, 369, 370], 352: [351, 352, 353, 354, 355, 356], 374: [371, 372, 373, 374, 375, 376, 377, 378], 392: [390, 391, 392, 393, 413, 414, 415, 416], 396: [394, 395, 396, 397, 398, 399, 400, 401], 419: [417, 418, 419, 420, 421, 422, 423, 424]}
