The optimal value is 186286.0514
Service ways: {3, 13, 23}
Inverters: 285 264 658 649 669 276 638 34
Cable routing:
{164: [160, 161, 162, 163, 164, 165, 166], 168: [141, 142, 143, 144, 167, 168, 169, 170], 192: [188, 189, 190, 191, 192, 193, 194, 195], 221: [217, 218, 219, 220, 221, 222, 223], 225: [196, 197, 198, 224, 225, 226, 227, 257], 253: [249, 250, 251, 252, 253, 254, 255, 256], 284: [281, 282, 283, 284], 286: [286, 287, 288], 290: [258, 259, 289, 290, 291, 323, 324, 325], 319: [315, 316, 317, 318, 319, 320, 321, 322], 354: [350, 351, 352, 353, 354, 355, 356], 358: [357, 358, 359, 360, 394, 395, 431, 470], 390: [386, 387, 388, 389, 390, 391, 392, 393], 427: [423, 424, 425, 426, 427, 428, 429, 430], 466: [462, 463, 464, 465, 466, 467, 468, 469]}
{80: [43, 44, 60, 61, 62, 80, 81, 82], 101: [79, 98, 99, 100, 101, 102, 103, 104], 124: [120, 121, 122, 123, 124, 125, 126, 127], 149: [145, 146, 147, 148, 149, 150, 151, 152], 175: [171, 172, 173, 174, 175, 176, 177, 178], 203: [199, 200, 201, 202, 203, 204, 205], 207: [128, 153, 179, 180, 206, 207, 208, 236], 232: [228, 229, 230, 231, 232, 233, 234, 235], 263: [260, 261, 262, 263], 265: [265, 266, 267], 269: [237, 238, 268, 269, 270, 301, 302, 303], 296: [292, 293, 294, 295, 296, 297, 298, 299], 330: [326, 327, 328, 329, 330, 331], 334: [300, 332, 333, 334, 335, 336, 337, 369], 365: [361, 362, 363, 364, 365, 366, 367, 368]}
{500: [497, 498, 499, 500, 501, 502, 503, 504], 540: [537, 538, 539, 540, 541, 542, 543, 544], 575: [495, 496, 535, 536, 574, 575, 614, 615], 579: [576, 577, 578, 579, 580, 581, 582, 583], 619: [616, 617, 618, 619, 620, 621, 622, 623], 655: [653, 654, 655, 656, 657, 693, 730, 731], 659: [659, 660, 661, 662], 697: [694, 695, 696, 697, 698, 699, 700, 701], 734: [732, 733, 734, 735, 736, 737, 738, 739], 770: [766, 767, 768, 769, 770, 771, 772, 773], 803: [799, 800, 801, 802, 803, 804, 805, 806], 807: [774, 775, 807, 808, 836, 837, 862, 863], 832: [828, 829, 830, 831, 832, 833, 834, 835], 858: [854, 855, 856, 857, 858, 859, 860, 861]}
{491: [488, 489, 490, 491, 492, 493, 494], 531: [527, 528, 529, 530, 531, 532, 533, 534], 570: [566, 567, 568, 569, 570, 571, 572, 573], 610: [607, 608, 609, 610, 611, 612, 613], 645: [605, 606, 644, 645, 682, 683, 684, 721], 648: [646, 647, 648], 650: [650, 651, 652], 688: [685, 686, 687, 688, 689, 690, 691, 692], 725: [722, 723, 724, 725, 726, 727, 728, 729], 757: [720, 756, 757, 789, 790, 819, 845, 864], 761: [758, 759, 760, 761, 762, 763, 764, 765], 794: [791, 792, 793, 794, 795, 796, 797, 798], 823: [820, 821, 822, 823, 824, 825, 826, 827], 849: [846, 847, 848, 849, 850, 851, 852, 853], 868: [865, 866, 867, 868, 869, 870, 871, 872]}
{433: [396, 397, 398, 432, 433, 434, 435, 473], 511: [471, 472, 474, 510, 511, 512, 513, 514], 547: [505, 506, 507, 508, 545, 546, 547, 585], 551: [509, 548, 549, 550, 551, 552, 553, 554], 590: [586, 587, 588, 589, 590, 591, 592, 593], 630: [626, 627, 628, 629, 630, 631, 632, 633], 664: [584, 624, 625, 663, 664, 665, 702, 703], 668: [666, 667, 668], 670: [670, 671, 672], 708: [705, 706, 707, 708, 709, 710, 711, 712], 742: [704, 740, 741, 742, 743, 776, 777, 778], 745: [744, 745, 746, 747, 748, 749], 781: [779, 780, 781, 782, 783, 784, 785, 818], 811: [809, 810, 811, 812, 838, 839, 840, 841], 814: [813, 814, 815, 816, 817, 842, 843, 844]}
{130: [83, 105, 106, 129, 130, 131, 156, 157], 183: [154, 155, 181, 182, 183, 184, 185, 212], 215: [158, 159, 186, 187, 213, 214, 215, 216], 244: [209, 210, 211, 242, 243, 244, 245, 246], 273: [239, 240, 241, 271, 272, 273, 274, 275], 279: [247, 248, 277, 278, 279, 280, 313, 314], 306: [304, 305, 306, 307, 338, 339, 340, 341], 310: [308, 309, 310, 311, 312], 345: [342, 343, 344, 345, 346, 347, 348, 349], 377: [374, 375, 376, 377, 378, 414, 452, 453], 381: [379, 380, 381, 382, 383, 384, 385], 412: [410, 411, 412, 413, 448, 449, 450, 451], 418: [415, 416, 417, 418, 419, 420, 421, 422], 457: [454, 455, 456, 457, 458, 459, 460, 461]}
{403: [399, 400, 401, 402, 403, 404, 405, 406], 407: [370, 371, 372, 373, 407, 408, 409, 444], 440: [436, 437, 438, 439, 440, 441, 442, 443], 479: [475, 476, 477, 478, 479, 480, 481, 482], 484: [445, 446, 447, 483, 484, 485, 486, 487], 519: [515, 516, 517, 518, 519, 520, 521, 522], 559: [555, 556, 557, 558, 559, 560, 561, 562], 564: [523, 524, 525, 526, 563, 564, 565, 604], 598: [594, 595, 596, 597, 598, 599, 600, 601], 637: [634, 635, 636, 637], 641: [602, 603, 639, 640, 641, 642, 643, 681], 677: [673, 674, 675, 676, 677, 678, 679, 680], 716: [713, 714, 715, 716, 717, 718, 719, 755], 752: [750, 751, 752, 753, 754, 786, 787, 788]}
{9: [1, 2, 6, 7, 8, 9, 10, 11], 12: [3, 4, 5, 12, 13, 14, 15, 24], 20: [17, 18, 19, 20, 21, 22, 23, 33], 30: [16, 29, 30, 31, 32, 45, 46, 47], 35: [35, 36, 37, 38], 40: [25, 26, 27, 28, 39, 40, 41, 42], 51: [48, 49, 50, 51, 52, 53, 54, 55], 57: [56, 57, 58, 59, 75, 76, 77, 78], 67: [63, 64, 65, 66, 67, 68, 88, 89], 70: [69, 70, 71, 72, 73, 90, 91, 92], 86: [84, 85, 86, 87, 107, 108, 109, 110], 95: [74, 93, 94, 95, 96, 97, 118, 119], 114: [112, 113, 114, 115, 116, 117, 139, 140], 136: [111, 132, 133, 134, 135, 136, 137, 138]}
