The optimal value is 653549.8015
Service ways: {36, 71, 7, 46, 17, 55, 25, 63}
Inverters: 1872 571 453 2075 2729 1490 1517 1006 2651 2026 2804 394 479 1445 520 2395 2662 205 1030 1949 1147 1103 73 1880 1976 961 2465
Cable routing:
{1584: [1469, 1470, 1526, 1527, 1583, 1584, 1640, 1641], 1587: [1529, 1530, 1531, 1586, 1587, 1588, 1644, 1645], 1696: [1525, 1581, 1582, 1638, 1639, 1695, 1696, 1753], 1699: [1471, 1528, 1585, 1642, 1643, 1699, 1757, 1814], 1867: [1694, 1751, 1752, 1808, 1809, 1866, 1867, 1925], 1869: [1754, 1810, 1811, 1868, 1869, 1927, 1985, 2043], 1870: [1697, 1755, 1812, 1870, 1928, 1986, 2044, 2103], 1871: [1698, 1756, 1813, 1871, 1929, 1987, 2045, 2104], 1873: [1700, 1758, 1815, 1873, 1931, 1989, 2047, 2106], 1874: [1701, 1759, 1816, 1874, 1932, 1990, 2048, 2107], 1875: [1702, 1760, 1817, 1875, 1933, 1991, 2049, 2108], 1923: [1865, 1922, 1923, 1980, 1981, 2037, 2038, 2039], 1930: [1930, 1988, 2046, 2105], 1984: [1924, 1926, 1982, 1983, 1984, 2040, 2041, 2042]}
{225: [116, 148, 149, 184, 185, 224, 225, 267], 266: [147, 182, 183, 222, 223, 266, 313, 364], 312: [221, 264, 265, 310, 311, 312, 362, 363], 417: [268, 314, 315, 365, 366, 417, 468, 519], 513: [360, 410, 411, 461, 462, 512, 513, 565], 563: [511, 562, 563, 564, 615, 616, 668, 720], 566: [361, 412, 463, 514, 566, 618, 671, 723], 567: [413, 464, 515, 567, 619, 672, 724, 777], 568: [414, 465, 516, 568, 620, 673, 725, 778], 569: [415, 466, 517, 569, 621, 674, 726, 779], 570: [416, 467, 518, 570, 622, 675, 727, 780], 623: [623, 676, 728, 781], 667: [613, 614, 665, 666, 667, 717, 718, 719], 670: [617, 669, 670, 721, 722, 774, 775, 776]}
{302: [218, 219, 258, 259, 301, 302, 348, 349], 402: [261, 304, 351, 402], 404: [263, 306, 307, 353, 354, 404, 405, 455], 451: [399, 400, 450, 451, 501, 502, 553, 605], 452: [220, 260, 303, 350, 401, 452, 503, 504], 454: [262, 305, 352, 403, 454, 505, 556, 608], 457: [308, 355, 406, 456, 457, 508, 559, 611], 458: [309, 356, 407, 458, 509, 560, 561, 612], 459: [357, 358, 359, 408, 409, 459, 460, 510], 557: [506, 507, 557, 558, 609, 661, 714, 766], 656: [552, 604, 655, 656, 708, 709, 760, 761], 658: [554, 606, 657, 658, 710, 711, 762, 763], 659: [555, 607, 659, 660, 712, 713, 764, 765], 662: [610, 662, 663, 664, 715, 716, 767, 768]}
{1840: [1724, 1725, 1782, 1783, 1839, 1840, 1898, 1956], 1842: [1726, 1727, 1784, 1785, 1841, 1842, 1899, 1900], 1843: [1728, 1729, 1786, 1787, 1843, 1844, 1901, 1959], 1845: [1730, 1731, 1788, 1789, 1845, 1846, 1903, 1961], 2071: [1897, 1955, 2013, 2014, 2071, 2130, 2189, 2190], 2073: [1957, 2015, 2072, 2073, 2131, 2132, 2191, 2192], 2074: [1958, 2016, 2017, 2074, 2133, 2193, 2252, 2312], 2076: [1902, 1960, 2018, 2019, 2076, 2135, 2136, 2195], 2078: [1904, 1962, 2020, 2077, 2078, 2137, 2197, 2256], 2134: [2134, 2194, 2253, 2254], 2309: [2248, 2249, 2308, 2309, 2368, 2369, 2428, 2429], 2311: [2250, 2251, 2310, 2311, 2370, 2371, 2430, 2431], 2315: [2196, 2255, 2315, 2316, 2375, 2376, 2435, 2436], 2373: [2313, 2314, 2372, 2373, 2374, 2432, 2433, 2434]}
{2629: [2567, 2568, 2569, 2628, 2629, 2630, 2685, 2734], 2680: [2502, 2563, 2624, 2680], 2725: [2497, 2498, 2559, 2620, 2676, 2725, 2770, 2809], 2726: [2499, 2560, 2621, 2677, 2726, 2771, 2810, 2844], 2727: [2500, 2561, 2622, 2678, 2727, 2772, 2811, 2845], 2728: [2501, 2562, 2623, 2679, 2728, 2773, 2812], 2730: [2503, 2564, 2625, 2681, 2730, 2775], 2731: [2504, 2565, 2626, 2682, 2731, 2776, 2815, 2816], 2732: [2566, 2627, 2683, 2684, 2732, 2733, 2777, 2778], 2774: [2774, 2813, 2847], 2848: [2814, 2848, 2849, 2850, 2877, 2878, 2900, 2901], 2872: [2843, 2872, 2873, 2895, 2896, 2914, 2927, 2936], 2875: [2846, 2874, 2875, 2898, 2917, 2930, 2939, 2942], 2916: [2897, 2915, 2916, 2928, 2929, 2937, 2938, 2941], 2918: [2876, 2899, 2918, 2919, 2931, 2932, 2940, 2943]}
{1372: [1314, 1315, 1316, 1370, 1371, 1372, 1427, 1483], 1434: [1323, 1379, 1434], 1482: [1425, 1426, 1481, 1482, 1538, 1539, 1595, 1596], 1484: [1373, 1428, 1484, 1540, 1541, 1597, 1598, 1655], 1485: [1317, 1318, 1374, 1429, 1485, 1542, 1599, 1656], 1486: [1319, 1375, 1430, 1486, 1543, 1600, 1657], 1487: [1320, 1376, 1431, 1487, 1544, 1601, 1658], 1488: [1321, 1377, 1432, 1488, 1545, 1602, 1659], 1489: [1322, 1378, 1433, 1489, 1546, 1603, 1660], 1491: [1324, 1380, 1435, 1491, 1548, 1605, 1662], 1492: [1325, 1381, 1436, 1492, 1549, 1606, 1663], 1493: [1326, 1382, 1437, 1493, 1550, 1607, 1664], 1494: [1327, 1383, 1438, 1494, 1551, 1608, 1665], 1495: [1328, 1384, 1439, 1495, 1552, 1609, 1666], 1496: [1329, 1385, 1440, 1496, 1553, 1610, 1667], 1547: [1547, 1604, 1661]}
{1295: [1238, 1239, 1240, 1241, 1293, 1294, 1295, 1296], 1345: [1234, 1235, 1236, 1289, 1290, 1344, 1345, 1401], 1461: [1350, 1406, 1461], 1511: [1400, 1454, 1455, 1510, 1511, 1567, 1568, 1625], 1513: [1291, 1346, 1402, 1457, 1513, 1570, 1627, 1684], 1514: [1237, 1292, 1347, 1403, 1458, 1514, 1571, 1628], 1515: [1348, 1404, 1459, 1515, 1572, 1629, 1685, 1686], 1516: [1349, 1405, 1460, 1516, 1573, 1630, 1687], 1518: [1351, 1407, 1462, 1518, 1575, 1632, 1689], 1519: [1408, 1409, 1463, 1464, 1519, 1576, 1633, 1690], 1521: [1410, 1411, 1465, 1466, 1521, 1522, 1578, 1579], 1523: [1412, 1413, 1467, 1468, 1523, 1524, 1580, 1637], 1569: [1456, 1512, 1569, 1624, 1626, 1681, 1682, 1683], 1574: [1574, 1631, 1688], 1634: [1520, 1577, 1634, 1635, 1636, 1691, 1692, 1693]}
{796: [742, 743, 744, 745, 795, 796, 797, 798], 843: [789, 790, 791, 841, 842, 843, 895, 896], 846: [740, 741, 793, 794, 846, 847, 899, 953], 952: [792, 845, 898, 952], 1002: [894, 948, 1001, 1002, 1055, 1056, 1109, 1110], 1004: [949, 950, 1003, 1004, 1058, 1112, 1167, 1222], 1005: [844, 897, 951, 1005, 1059, 1113, 1168, 1223], 1008: [900, 954, 1007, 1008, 1062, 1116, 1171, 1226], 1009: [848, 901, 955, 1009, 1063, 1117, 1172, 1227], 1010: [849, 902, 956, 1010, 1064, 1118, 1173, 1228], 1011: [850, 903, 957, 1011, 1065, 1119, 1174, 1229], 1012: [851, 904, 958, 1012, 1066, 1120, 1175, 1230], 1114: [1060, 1061, 1114, 1115, 1169, 1170, 1224, 1225], 1166: [1057, 1111, 1164, 1165, 1166, 1219, 1220, 1221]}
{2356: [2236, 2237, 2296, 2297, 2356, 2357, 2416, 2417], 2359: [2239, 2240, 2299, 2300, 2359, 2360, 2419, 2420], 2413: [2292, 2293, 2352, 2353, 2412, 2413, 2473, 2534], 2414: [2235, 2294, 2295, 2354, 2355, 2414, 2415, 2474], 2478: [2238, 2298, 2358, 2418, 2478, 2479, 2480, 2539], 2650: [2472, 2533, 2594, 2650, 2699, 2744, 2783, 2817], 2652: [2535, 2595, 2596, 2652, 2701, 2746, 2785, 2819], 2653: [2475, 2536, 2597, 2653, 2702, 2747, 2786, 2820], 2654: [2476, 2537, 2598, 2654, 2703, 2748, 2787, 2821], 2655: [2477, 2538, 2599, 2600, 2655, 2656, 2704, 2705], 2657: [2540, 2601, 2657, 2706, 2751, 2790, 2824, 2853], 2658: [2541, 2602, 2658, 2707, 2752, 2791, 2825, 2854], 2700: [2700, 2745, 2784, 2818], 2788: [2749, 2750, 2788, 2789, 2822, 2823, 2851, 2852]}
{1734: [1676, 1677, 1678, 1732, 1733, 1734, 1735, 1792], 1737: [1679, 1680, 1736, 1737, 1738, 1739, 1794, 1795], 1968: [1852, 1910, 1968], 2021: [1790, 1847, 1905, 1963, 2021, 2079, 2138, 2198], 2022: [1791, 1848, 1906, 1964, 2022, 2080, 2139, 2199], 2023: [1849, 1907, 1965, 2023, 2081, 2140, 2200, 2259], 2024: [1793, 1850, 1908, 1966, 2024, 2082, 2141], 2025: [1851, 1909, 1967, 2025, 2083, 2142, 2202], 2027: [1796, 1853, 1911, 1969, 2027, 2085, 2144, 2204], 2028: [1797, 1854, 1912, 1970, 2028, 2086, 2145, 2205], 2084: [2084, 2143, 2203], 2318: [2257, 2258, 2317, 2318, 2377, 2378, 2437, 2438], 2320: [2201, 2260, 2319, 2320, 2379, 2380, 2439, 2440], 2322: [2261, 2262, 2321, 2322, 2381, 2382, 2441, 2442], 2323: [2263, 2264, 2323, 2324, 2383, 2384, 2443, 2444]}
{2551: [2488, 2489, 2490, 2491, 2550, 2551, 2611, 2612], 2616: [2494, 2495, 2555, 2556, 2616, 2617, 2672, 2673], 2670: [2492, 2552, 2553, 2613, 2614, 2669, 2670, 2719], 2720: [2493, 2554, 2615, 2671, 2720, 2765], 2723: [2496, 2557, 2618, 2674, 2722, 2723, 2768, 2807], 2800: [2667, 2716, 2761, 2800, 2834, 2863, 2886, 2905], 2801: [2668, 2717, 2762, 2801, 2835, 2864, 2887, 2906], 2802: [2718, 2763, 2802, 2836, 2865, 2888, 2907, 2920], 2803: [2764, 2803, 2837, 2838, 2866, 2889], 2805: [2721, 2766, 2767, 2805, 2806, 2839, 2868, 2891], 2808: [2558, 2619, 2675, 2724, 2769, 2808, 2842, 2871], 2869: [2840, 2841, 2869, 2870, 2892, 2911, 2924, 2933], 2909: [2867, 2890, 2908, 2909, 2910, 2921, 2922, 2923], 2912: [2893, 2894, 2912, 2913, 2925, 2926, 2934, 2935]}
{175: [113, 114, 142, 143, 174, 175, 211, 251], 177: [115, 144, 145, 146, 176, 177, 178, 213], 255: [179, 180, 215, 216, 255, 256, 298, 299], 343: [253, 296, 343], 391: [210, 250, 293, 340, 391, 442, 493, 544], 392: [294, 341, 392, 443, 494, 545], 393: [212, 252, 295, 342, 393, 444, 495, 546], 395: [214, 254, 297, 344, 395, 446, 497, 548], 396: [345, 346, 396, 397, 447, 448, 498, 549], 398: [181, 217, 257, 300, 347, 398, 449, 500], 445: [445, 496, 547], 550: [499, 550, 551, 602, 603, 654, 707, 759], 649: [596, 597, 648, 649, 701, 702, 753, 754], 651: [598, 599, 650, 651, 703, 704, 755, 756], 652: [600, 601, 652, 653, 705, 706, 757, 758]}
{236: [195, 196, 197, 198, 235, 236, 237, 238], 277: [193, 194, 233, 234, 276, 277, 323, 324], 282: [199, 200, 239, 240, 281, 282, 283, 330], 428: [279, 326, 377, 428], 476: [374, 425, 476, 527, 579, 631, 684, 736], 477: [375, 426, 477, 528, 580, 632, 685, 737], 478: [278, 325, 376, 427, 478, 529, 581, 633], 480: [280, 327, 378, 429, 480, 531, 583, 635], 481: [328, 379, 430, 481, 532, 584, 636, 689], 482: [329, 380, 431, 482, 533, 585, 637, 690], 483: [381, 432, 433, 483, 484, 534, 586, 638], 485: [434, 435, 485, 486, 536, 537, 588, 589], 634: [530, 582, 634, 686, 687, 688, 738, 739], 639: [535, 587, 639, 640, 641, 691, 692, 693]}
{1232: [1176, 1177, 1178, 1231, 1232, 1233, 1287, 1288], 1390: [1279, 1334, 1390], 1441: [1274, 1275, 1330, 1386, 1441, 1497, 1554, 1611], 1442: [1331, 1387, 1442, 1498, 1555, 1612, 1668, 1669], 1443: [1276, 1277, 1332, 1388, 1443, 1499, 1556, 1613], 1444: [1278, 1333, 1389, 1444, 1500, 1557], 1446: [1280, 1335, 1391, 1446, 1502, 1559, 1616], 1447: [1281, 1336, 1392, 1447, 1503, 1560, 1617, 1674], 1448: [1282, 1337, 1393, 1448, 1504, 1561, 1618, 1675], 1449: [1283, 1338, 1394, 1449, 1505, 1562, 1619], 1450: [1284, 1339, 1395, 1450, 1506, 1563, 1620], 1451: [1285, 1340, 1396, 1451, 1507, 1564, 1621], 1452: [1286, 1341, 1397, 1452, 1508, 1565, 1622], 1453: [1342, 1343, 1398, 1399, 1453, 1509, 1566, 1623], 1615: [1501, 1558, 1614, 1615, 1670, 1671, 1672, 1673]}
{231: [190, 191, 192, 230, 231, 232, 274, 275], 270: [187, 188, 227, 228, 270, 271, 317, 318], 319: [189, 229, 272, 273, 319, 320, 370, 421], 367: [186, 226, 269, 316, 367, 368, 418, 469], 521: [419, 470, 521, 573, 625, 678, 730, 783], 522: [369, 420, 471, 472, 522, 523, 574, 575], 524: [371, 422, 473, 524, 576, 628, 681, 733], 525: [321, 372, 423, 474, 525, 577, 629, 682], 526: [322, 373, 424, 475, 526, 578, 630, 683], 572: [572, 624, 677, 729], 679: [626, 627, 679, 680, 731, 784, 837, 890], 787: [734, 735, 786, 787, 788, 840, 893, 947], 835: [782, 835, 836, 888, 889, 942, 943, 944], 838: [732, 785, 838, 839, 891, 892, 945, 946]}
{2158: [2097, 2098, 2099, 2100, 2157, 2158, 2159, 2217], 2220: [2101, 2102, 2161, 2162, 2220, 2221, 2280, 2340], 2274: [2095, 2154, 2155, 2213, 2214, 2274, 2334, 2394], 2275: [2096, 2156, 2215, 2275, 2335], 2392: [2272, 2331, 2332, 2391, 2392, 2451, 2452, 2513], 2393: [2273, 2333, 2393, 2453, 2514, 2574, 2575, 2631], 2396: [2216, 2276, 2336, 2396, 2456, 2517, 2578, 2634], 2397: [2277, 2337, 2397, 2457, 2518, 2579, 2635], 2398: [2218, 2278, 2338, 2398, 2458, 2519, 2580, 2636], 2399: [2160, 2219, 2279, 2339, 2399, 2400, 2459, 2460], 2401: [2281, 2341, 2401, 2461, 2522, 2583, 2639, 2688], 2511: [2450, 2510, 2511, 2512, 2570, 2571, 2572, 2573], 2516: [2454, 2455, 2515, 2516, 2576, 2577, 2632, 2633], 2581: [2520, 2521, 2581, 2582, 2637, 2638, 2686, 2687]}
{2304: [2243, 2244, 2245, 2303, 2304, 2305, 2364, 2365], 2362: [2241, 2242, 2301, 2302, 2361, 2362, 2422, 2482], 2366: [2246, 2247, 2306, 2307, 2366, 2367, 2426, 2427], 2484: [2363, 2423, 2424, 2425, 2483, 2484, 2545, 2606], 2659: [2421, 2481, 2542, 2603, 2659, 2708, 2753, 2792], 2661: [2543, 2544, 2604, 2605, 2660, 2661, 2710, 2755], 2663: [2485, 2546, 2607, 2663, 2712, 2757, 2796, 2830], 2664: [2486, 2547, 2608, 2664, 2713, 2758, 2797, 2831], 2665: [2487, 2548, 2609, 2665, 2714, 2759, 2798, 2832], 2666: [2549, 2610, 2666, 2715, 2760, 2799, 2833, 2862], 2711: [2711, 2756, 2794, 2795], 2793: [2709, 2754, 2793, 2826, 2827, 2855, 2856, 2879], 2858: [2828, 2829, 2857, 2858, 2859, 2880, 2881, 2882], 2883: [2860, 2861, 2883, 2884, 2885, 2902, 2903, 2904]}
{59: [39, 40, 41, 57, 58, 59, 80, 81], 83: [60, 61, 62, 82, 83, 84, 85, 108], 103: [24, 38, 56, 78, 79, 103, 132, 164], 169: [137, 169], 201: [104, 133, 165, 201, 241, 284, 331, 382], 202: [105, 134, 166, 202, 242, 285, 332, 383], 203: [106, 135, 167, 203, 243, 286, 333, 384], 204: [107, 136, 168, 204, 244, 287, 334], 206: [109, 138, 170, 206, 246, 289, 336, 387], 207: [110, 139, 171, 207, 247, 290, 337, 388], 208: [86, 111, 140, 172, 208, 248, 291, 338], 209: [87, 112, 141, 173, 209, 249, 292, 339], 245: [245, 288, 335], 437: [385, 386, 436, 437, 438, 487, 488, 489], 440: [389, 390, 439, 440, 441, 490, 491, 492]}
{925: [819, 820, 872, 873, 925, 926, 979, 1033], 976: [816, 869, 922, 976], 1023: [809, 862, 915, 969, 1023, 1077, 1131, 1186], 1024: [810, 863, 916, 970, 1024, 1078, 1132, 1187], 1025: [811, 864, 917, 971, 1025, 1079, 1133, 1188], 1026: [812, 865, 918, 972, 1026, 1080, 1134, 1189], 1027: [813, 866, 919, 973, 1027, 1081, 1135, 1190], 1028: [814, 867, 920, 974, 1028, 1082, 1136], 1029: [815, 868, 921, 975, 1029, 1083, 1137, 1192], 1031: [817, 870, 923, 977, 1031, 1085, 1139, 1194], 1032: [818, 871, 924, 978, 1032, 1086, 1140], 1084: [1084, 1138], 1246: [1191, 1244, 1245, 1246, 1300, 1301, 1355, 1356], 1248: [1193, 1247, 1248, 1249, 1302, 1303, 1357, 1358], 1298: [1242, 1243, 1297, 1298, 1299, 1352, 1353, 1354]}
{1773: [1714, 1715, 1716, 1772, 1773, 1774, 1829, 1830], 1828: [1712, 1713, 1770, 1771, 1827, 1828, 1886, 1944], 1833: [1717, 1718, 1776, 1833, 1891], 1834: [1719, 1720, 1777, 1778, 1834, 1835, 1892, 1950], 1946: [1887, 1888, 1945, 1946, 2004, 2062, 2121, 2181], 1947: [1831, 1889, 1947, 2005, 2063, 2122, 2182], 1948: [1775, 1832, 1890, 1948, 2006, 2064, 2123, 2183], 1952: [1721, 1722, 1779, 1836, 1894, 1952, 2010, 2068], 1953: [1780, 1837, 1895, 1953, 2011, 2069, 2128, 2188], 1954: [1723, 1781, 1838, 1896, 1954, 2012, 2070, 2129], 2001: [1885, 1943, 2001, 2059, 2117, 2118, 2177, 2178], 2009: [1893, 1951, 2009, 2067, 2126, 2127, 2186, 2187], 2061: [2002, 2003, 2060, 2061, 2119, 2120, 2179, 2180], 2065: [2007, 2008, 2065, 2066, 2124, 2125, 2184, 2185]}
{823: [769, 770, 771, 822, 823, 824, 875, 876], 878: [772, 773, 825, 826, 877, 878, 879, 932], 982: [821, 874, 927, 928, 981, 982, 1035, 1036], 1092: [930, 984, 1038, 1092], 1143: [980, 1034, 1087, 1088, 1142, 1143, 1198, 1253], 1145: [1089, 1090, 1144, 1145, 1200, 1255, 1310, 1366], 1146: [929, 983, 1037, 1091, 1146, 1201, 1256, 1311], 1148: [931, 985, 1039, 1093, 1148, 1203, 1258, 1313], 1149: [986, 1040, 1094, 1149, 1204, 1259], 1196: [1141, 1195, 1196, 1197, 1250, 1251, 1305, 1306], 1202: [1202, 1257], 1309: [1199, 1254, 1308, 1309, 1364, 1365, 1419, 1420], 1361: [1304, 1359, 1360, 1361, 1414, 1415, 1416, 1472], 1363: [1252, 1307, 1362, 1363, 1417, 1418, 1473, 1474], 1368: [1312, 1367, 1368, 1369, 1421, 1422, 1423, 1424]}
{935: [827, 828, 880, 881, 934, 935, 988, 989], 938: [830, 831, 883, 884, 937, 938, 992, 1046], 940: [832, 833, 885, 886, 939, 940, 993, 994], 995: [834, 887, 941, 995, 1049], 1044: [829, 882, 936, 990, 1043, 1044, 1098, 1153], 1095: [933, 987, 1041, 1042, 1095, 1150, 1205, 1260], 1099: [991, 1045, 1099, 1154, 1208, 1209, 1263, 1264], 1102: [1047, 1048, 1102, 1157, 1212, 1267], 1104: [996, 1050, 1104, 1159, 1214, 1269], 1105: [997, 998, 1051, 1052, 1105, 1160, 1215, 1270], 1107: [999, 1000, 1053, 1054, 1107, 1108, 1162, 1163], 1152: [1096, 1097, 1151, 1152, 1206, 1207, 1261, 1262], 1156: [1100, 1101, 1155, 1156, 1210, 1211, 1265, 1266], 1158: [1158, 1213, 1268], 1216: [1106, 1161, 1216, 1217, 1218, 1271, 1272, 1273]}
{51: [8, 19, 33, 51], 64: [42, 63, 64, 88, 89, 117, 118, 150], 65: [25, 43, 65, 90, 119, 151], 66: [1, 12, 26, 44, 66, 91, 120, 152], 67: [2, 13, 27, 45, 67, 92, 121, 153], 68: [3, 14, 28, 46, 68, 93, 122, 154], 69: [4, 15, 29, 47, 69, 94, 123, 155], 70: [5, 16, 30, 48, 70, 95, 124, 156], 71: [6, 17, 31, 49, 71, 96, 125, 157], 72: [7, 18, 32, 50, 72, 97, 126, 158], 74: [9, 20, 34, 52, 74, 99, 128, 160], 75: [10, 21, 35, 53, 75, 100, 129, 161], 76: [11, 22, 36, 54, 76, 101, 130, 162], 77: [23, 37, 55, 77, 102, 131, 163], 98: [98, 127, 159]}
{1590: [1475, 1476, 1532, 1533, 1589, 1590, 1646, 1647], 1593: [1478, 1479, 1535, 1536, 1592, 1593, 1649, 1650], 1651: [1480, 1537, 1594, 1651, 1652, 1653, 1708, 1766], 1705: [1477, 1534, 1591, 1648, 1703, 1704, 1705, 1763], 1822: [1707, 1765, 1822, 1823], 1876: [1761, 1818, 1876, 1934, 1992, 2050, 2109, 2169], 1877: [1762, 1819, 1877, 1935, 1993, 2051, 2110, 2170], 1879: [1706, 1764, 1820, 1821, 1878, 1879, 1936, 1937], 1882: [1709, 1767, 1824, 1881, 1882, 1940, 1998, 2056], 1883: [1710, 1768, 1825, 1883, 1941, 1999, 2057, 2116], 1884: [1654, 1711, 1769, 1826, 1884, 1942, 2000, 2058], 1996: [1938, 1939, 1996, 1997, 2054, 2113, 2173, 2232], 2053: [1994, 1995, 2052, 2053, 2111, 2112, 2171, 2172], 2114: [2055, 2114, 2115, 2174, 2175, 2176, 2233, 2234]}
{1863: [1748, 1749, 1750, 1806, 1807, 1863, 1864, 1921], 1918: [1745, 1803, 1860, 1918], 1971: [1740, 1798, 1855, 1913, 1971, 2029, 2087, 2146], 1972: [1741, 1799, 1856, 1914, 1972, 2030, 2088, 2147], 1973: [1742, 1800, 1857, 1915, 1973, 2031, 2089, 2148], 1974: [1743, 1801, 1858, 1916, 1974, 2032, 2090, 2149], 1975: [1744, 1802, 1859, 1917, 1975, 2033, 2091, 2150], 1977: [1746, 1747, 1804, 1861, 1919, 1977, 2035, 2093], 1978: [1805, 1862, 1920, 1978, 1979, 2036, 2094, 2153], 2151: [2034, 2092, 2151, 2152, 2211, 2212, 2270, 2271], 2266: [2206, 2207, 2265, 2266, 2325, 2326, 2385, 2386], 2268: [2208, 2209, 2267, 2268, 2328, 2388, 2448, 2508], 2329: [2210, 2269, 2329, 2330, 2389, 2390, 2449, 2509], 2447: [2327, 2387, 2445, 2446, 2447, 2505, 2506, 2507]}
{643: [539, 540, 591, 592, 643, 644, 696, 697], 646: [542, 543, 594, 595, 646, 647, 699, 700], 747: [538, 590, 642, 694, 695, 746, 747, 800], 750: [541, 593, 645, 698, 749, 750, 751, 752], 907: [748, 801, 854, 907], 959: [799, 852, 905, 959, 1013, 1067, 1121], 960: [853, 906, 960, 1014, 1068, 1122], 962: [802, 855, 908, 962, 1016, 1070, 1124, 1179], 963: [803, 856, 909, 963, 1017, 1071, 1125, 1180], 964: [804, 857, 910, 964, 1018, 1072, 1126, 1181], 965: [805, 858, 911, 965, 1019, 1073, 1127, 1182], 966: [806, 859, 912, 966, 1020, 1074, 1128, 1183], 967: [807, 860, 913, 967, 1021, 1075, 1129, 1184], 968: [808, 861, 914, 968, 1022, 1076, 1130, 1185], 1015: [1015, 1069, 1123]}
{2224: [2163, 2164, 2165, 2222, 2223, 2224, 2283, 2284], 2285: [2166, 2167, 2225, 2226, 2285, 2286, 2345, 2405], 2462: [2282, 2342, 2402, 2462, 2523, 2584, 2640, 2689], 2463: [2343, 2403, 2463, 2524, 2585, 2641, 2690, 2735], 2464: [2344, 2404, 2464, 2525, 2586, 2642], 2466: [2346, 2406, 2466, 2527, 2588, 2644], 2467: [2168, 2227, 2287, 2347, 2407, 2467, 2528, 2589], 2468: [2228, 2288, 2348, 2408, 2468, 2529, 2590, 2646], 2469: [2229, 2289, 2349, 2409, 2469, 2530, 2591, 2647], 2470: [2230, 2290, 2350, 2410, 2470, 2531, 2592, 2648], 2471: [2231, 2291, 2351, 2411, 2471, 2532, 2593, 2649], 2643: [2526, 2587, 2643, 2691, 2692, 2693, 2736, 2737], 2694: [2645, 2694, 2695, 2696, 2738, 2739, 2740, 2779], 2742: [2697, 2698, 2741, 2742, 2743, 2780, 2781, 2782]}
