The optimal value is 686191.1176
Service ways: {33, 7, 42, 15, 50, 24, 60}
Inverters: 2979 1638 2376 2915 2924 895 2445 410 2279 3004 1066 156 1604 1380 2519 1524 708 1048 1299 1834 1925 609 314 885 1857 293 110 2358 2296
Cable routing:
{2782: [2738, 2739, 2740, 2781, 2782, 2783, 2823, 2825], 2822: [2736, 2737, 2779, 2780, 2821, 2822, 2862, 2863], 2859: [2775, 2776, 2817, 2818, 2858, 2859, 2897, 2898], 2861: [2735, 2777, 2778, 2819, 2820, 2861, 2900, 2938], 2942: [2824, 2865, 2904, 2942], 2973: [2935, 2936, 2972, 2973, 3007, 3008, 3040, 3070], 2974: [2860, 2899, 2937, 2974, 2975, 3009, 3041, 3071], 2977: [2901, 2902, 2940, 2977, 3012, 3044, 3074, 3100], 2978: [2864, 2903, 2941, 2978, 3013, 3045, 3075, 3101], 3011: [2939, 2976, 3010, 3011, 3043, 3073, 3099, 3121], 3095: [3039, 3069, 3095, 3096, 3117, 3134, 3148, 3155], 3098: [3042, 3072, 3097, 3098, 3120, 3137, 3151, 3158], 3136: [3118, 3119, 3135, 3136, 3149, 3150, 3156, 3157], 3139: [3122, 3138, 3139, 3152, 3153, 3159, 3160, 3161]}
{1577: [1389, 1452, 1515, 1577], 1635: [1386, 1449, 1512, 1574, 1635, 1695, 1755, 1814], 1636: [1387, 1450, 1513, 1575, 1636, 1696, 1756, 1815], 1637: [1388, 1451, 1514, 1576, 1637, 1697], 1639: [1390, 1453, 1516, 1578, 1639, 1699, 1759, 1818], 1640: [1391, 1454, 1517, 1579, 1640, 1700, 1760, 1819], 1641: [1392, 1455, 1518, 1580, 1641, 1701, 1761, 1820], 1642: [1393, 1456, 1519, 1581, 1642, 1702, 1762, 1821], 1643: [1394, 1457, 1520, 1582, 1643, 1703, 1763, 1822], 1644: [1395, 1458, 1521, 1583, 1644, 1704, 1764, 1823], 1698: [1698, 1758], 1875: [1757, 1816, 1874, 1875, 1932, 1933, 1989, 1990], 1876: [1817, 1876, 1877, 1878, 1934, 1935, 1991, 1992], 1881: [1881, 1882, 1883, 1939, 1940, 1941, 1996, 1997], 1937: [1879, 1880, 1936, 1937, 1938, 1993, 1994, 1995]}
{2103: [2045, 2046, 2047, 2101, 2102, 2103, 2159, 2214], 2161: [2049, 2050, 2105, 2106, 2161, 2162, 2216, 2217], 2163: [2051, 2052, 2107, 2108, 2163, 2164, 2218, 2273], 2270: [2048, 2104, 2160, 2215, 2270, 2323], 2373: [2157, 2212, 2267, 2320, 2373, 2425, 2476, 2525], 2374: [2158, 2213, 2268, 2321, 2374, 2426, 2477, 2526], 2375: [2269, 2322, 2375, 2427, 2478, 2527], 2377: [2271, 2324, 2377, 2429, 2480], 2378: [2272, 2325, 2326, 2378, 2430, 2431, 2481, 2530], 2380: [2219, 2274, 2327, 2379, 2380, 2432, 2483, 2532], 2428: [2428, 2479, 2528], 2577: [2529, 2577, 2578, 2624, 2625, 2670, 2671, 2714], 2579: [2482, 2531, 2579, 2580, 2626, 2627, 2672, 2673], 2621: [2573, 2574, 2620, 2621, 2666, 2667, 2710, 2711], 2623: [2575, 2576, 2622, 2623, 2668, 2669, 2712, 2713]}
{2797: [2754, 2755, 2756, 2757, 2797, 2798, 2838, 2877], 2835: [2751, 2752, 2753, 2793, 2794, 2834, 2835, 2874], 2867: [2786, 2787, 2826, 2827, 2828, 2866, 2867, 2905], 2869: [2788, 2789, 2829, 2830, 2868, 2869, 2906, 2943], 2872: [2750, 2791, 2792, 2832, 2833, 2871, 2872, 2873], 2908: [2790, 2831, 2870, 2907, 2908, 2944, 2945, 2980], 2910: [2909, 2910, 2911, 2946, 2947, 2981, 2982, 3014], 2913: [2795, 2836, 2875, 2913, 2950, 2985, 3017, 3047], 2914: [2796, 2837, 2876, 2914, 2951, 2986, 3018, 3048], 2916: [2839, 2878, 2916, 2953, 2988, 3020, 3050, 3076], 2917: [2799, 2840, 2879, 2880, 2917, 2918, 2954, 2955], 2949: [2912, 2948, 2949, 2983, 2984, 3015, 3016, 3046], 2952: [2952, 2987, 3019, 3049], 3021: [2989, 2990, 3021, 3022, 3051, 3052, 3077, 3078]}
{2763: [2675, 2676, 2719, 2720, 2762, 2763, 2804, 2805], 2765: [2678, 2679, 2680, 2722, 2723, 2765, 2766, 2807], 2801: [2715, 2716, 2758, 2759, 2800, 2801, 2841, 2842], 2803: [2674, 2717, 2718, 2760, 2761, 2802, 2803, 2844], 2847: [2677, 2721, 2764, 2806, 2847, 2886], 2920: [2843, 2881, 2882, 2919, 2920, 2956, 2957, 2991], 2922: [2883, 2884, 2921, 2922, 2958, 2959, 2993, 2994], 2923: [2845, 2846, 2885, 2923, 2960, 2995, 3027], 2925: [2848, 2887, 2925, 2962, 2997], 2926: [2808, 2849, 2888, 2926, 2963, 2998, 3030, 3060], 2961: [2961, 2996], 3024: [2992, 3023, 3024, 3053, 3054, 3079, 3080, 3102], 3056: [3025, 3026, 3055, 3056, 3081, 3082, 3103, 3104], 3058: [3028, 3057, 3058, 3083, 3084, 3105, 3106, 3123], 3085: [3029, 3059, 3085, 3086, 3107, 3108, 3124, 3125]}
{699: [631, 632, 633, 699, 700, 701, 766, 833], 828: [694, 761, 828], 892: [691, 758, 825, 892, 959, 1025, 1090, 1155], 893: [692, 759, 826, 893, 960, 1026, 1091, 1156], 894: [693, 760, 827, 894, 961, 1027], 896: [628, 695, 762, 829, 896, 963], 897: [629, 696, 763, 830, 897, 964, 1030, 1095], 898: [630, 697, 764, 831, 898, 965, 1031], 899: [698, 765, 832, 899, 900, 966, 967, 1032], 901: [767, 768, 834, 835, 901, 902, 968, 1034], 1028: [962, 1028, 1093, 1158, 1223, 1288], 1098: [1033, 1098, 1099, 1163, 1164, 1228, 1229, 1293], 1159: [1029, 1094, 1159, 1160, 1224, 1225, 1289, 1290], 1161: [1096, 1097, 1161, 1162, 1226, 1227, 1291, 1292], 1222: [1092, 1157, 1220, 1221, 1222, 1285, 1286, 1287]}
{2232: [2175, 2176, 2177, 2178, 2231, 2232, 2233, 2287], 2284: [2173, 2174, 2228, 2229, 2283, 2284, 2336, 2337], 2393: [2340, 2393], 2442: [2389, 2390, 2441, 2442, 2493, 2542, 2590, 2637], 2443: [2230, 2285, 2338, 2391, 2443, 2494, 2543, 2591], 2444: [2286, 2339, 2392, 2444, 2495, 2544], 2446: [2288, 2341, 2394, 2446, 2497, 2546], 2447: [2179, 2234, 2289, 2342, 2395, 2447, 2498, 2547], 2448: [2180, 2235, 2290, 2343, 2396, 2448, 2499, 2548], 2449: [2181, 2236, 2291, 2344, 2397, 2449, 2500, 2549], 2545: [2496, 2545, 2593, 2640, 2686, 2730], 2589: [2492, 2541, 2588, 2589, 2635, 2636, 2681, 2682], 2639: [2592, 2638, 2639, 2683, 2684, 2685, 2728, 2729], 2641: [2594, 2595, 2641, 2642, 2687, 2688, 2731, 2732], 2643: [2596, 2597, 2643, 2644, 2689, 2690, 2733, 2734]}
{213: [131, 132, 169, 170, 171, 212, 213, 259], 305: [168, 211, 257, 305, 356], 404: [298, 299, 349, 403, 404, 461, 521, 584], 405: [252, 300, 350, 351, 405, 462, 522, 585], 406: [253, 301, 352, 406, 463, 523, 586], 407: [208, 254, 302, 353, 407, 464, 524, 587], 408: [209, 255, 303, 354, 408, 465, 525, 588], 409: [210, 256, 304, 355, 409, 466, 526, 589], 411: [258, 306, 357, 411, 467, 468, 528, 591], 412: [307, 358, 412, 469, 529, 592, 659, 726], 413: [214, 260, 308, 359, 413, 414, 470, 471], 460: [348, 402, 459, 460, 519, 520, 582, 583], 593: [530, 531, 593, 594, 660, 661, 727, 728], 657: [527, 590, 656, 657, 658, 723, 724, 725]}
{2000: [1942, 1943, 1944, 1998, 1999, 2000, 2001, 2058], 2060: [1946, 1947, 2003, 2004, 2060, 2061, 2116, 2117], 2171: [1945, 2002, 2059, 2115, 2171, 2172, 2226, 2227], 2224: [2057, 2113, 2169, 2224], 2275: [2053, 2109, 2165, 2220, 2275, 2328, 2381, 2433], 2276: [2054, 2110, 2166, 2221, 2276, 2329, 2382, 2434], 2277: [2055, 2111, 2167, 2222, 2277, 2330, 2383, 2435], 2278: [2056, 2112, 2168, 2223, 2278, 2331, 2384, 2436], 2280: [2114, 2170, 2225, 2280, 2281, 2282, 2333, 2386], 2387: [2334, 2335, 2387, 2388, 2439, 2440, 2490, 2491], 2437: [2332, 2385, 2437, 2438, 2488, 2537, 2585, 2632], 2534: [2484, 2485, 2533, 2534, 2581, 2582, 2628, 2629], 2536: [2486, 2487, 2535, 2536, 2583, 2584, 2630, 2631], 2538: [2489, 2538, 2539, 2540, 2586, 2587, 2633, 2634]}
{2810: [2724, 2725, 2767, 2768, 2809, 2810, 2850, 2851], 2812: [2726, 2727, 2769, 2770, 2811, 2812, 2853, 2892], 2814: [2771, 2772, 2773, 2774, 2813, 2814, 2815, 2816], 2969: [2855, 2894, 2932, 2969], 2999: [2889, 2927, 2964, 2999, 3031, 3061, 3087, 3109], 3000: [2890, 2928, 2965, 3000, 3032, 3062, 3088, 3110], 3001: [2852, 2891, 2929, 2966, 3001, 3033, 3063, 3089], 3002: [2930, 2967, 3002, 3034, 3064, 3090, 3112, 3129], 3003: [2854, 2893, 2931, 2968, 3003, 3035, 3065, 3091], 3005: [2856, 2895, 2933, 2970, 3005, 3036, 3037, 3067], 3006: [2857, 2896, 2934, 2971, 3006, 3038, 3068, 3094], 3114: [3066, 3092, 3113, 3114, 3130, 3131, 3144, 3145], 3115: [3093, 3115, 3116, 3132, 3133, 3146, 3147, 3154], 3128: [3111, 3126, 3127, 3128, 3140, 3141, 3142, 3143]}
{799: [730, 731, 732, 733, 798, 799, 800, 866], 869: [735, 736, 802, 803, 869, 870, 936, 1002], 871: [737, 738, 804, 805, 871, 872, 938, 939], 935: [734, 801, 868, 935, 1001], 1061: [729, 796, 863, 930, 996, 1061, 1126, 1191], 1062: [797, 864, 931, 997, 1062, 1127, 1192, 1257], 1063: [865, 932, 998, 1063, 1128, 1193, 1258, 1322], 1064: [933, 999, 1064, 1129, 1194, 1259, 1323], 1065: [867, 934, 1000, 1065, 1130, 1195, 1260, 1324], 1068: [937, 1003, 1067, 1068, 1133, 1198, 1263, 1327], 1069: [1004, 1005, 1069, 1070, 1134, 1199, 1264, 1328], 1071: [1006, 1007, 1071, 1072, 1136, 1137, 1201, 1202], 1196: [1131, 1132, 1196, 1197, 1261, 1262, 1325, 1326], 1265: [1135, 1200, 1265, 1266, 1267, 1329, 1330, 1331]}
{54: [10, 11, 26, 27, 53, 54, 83, 84], 56: [12, 13, 28, 29, 30, 56, 86, 119], 152: [9, 25, 52, 82, 115, 152, 191, 234], 154: [116, 117, 153, 154, 192, 193, 236, 282], 155: [55, 85, 118, 155, 194, 237], 157: [57, 87, 120, 157, 196, 239], 158: [31, 58, 88, 121, 158, 197, 240, 286], 159: [32, 59, 89, 122, 159, 198, 241, 287], 160: [33, 60, 90, 123, 160, 199, 242, 288], 281: [235, 280, 281, 328, 329, 379, 380, 434], 284: [195, 238, 283, 284, 332, 383, 437, 494], 333: [285, 333, 334, 384, 438, 439, 495, 496], 382: [330, 331, 381, 382, 435, 436, 492, 493], 386: [335, 336, 385, 386, 387, 440, 441, 497]}
{1483: [1356, 1357, 1420, 1421, 1483, 1484, 1546, 1547], 1542: [1352, 1416, 1479, 1542], 1599: [1347, 1411, 1474, 1537, 1599, 1660, 1720, 1780], 1600: [1348, 1412, 1475, 1538, 1600, 1661, 1721, 1781], 1601: [1349, 1413, 1476, 1539, 1601, 1662, 1722, 1782], 1602: [1350, 1414, 1477, 1540, 1602, 1663, 1723, 1783], 1603: [1351, 1415, 1478, 1541, 1603, 1664, 1724, 1784], 1605: [1353, 1417, 1480, 1543, 1605, 1666], 1606: [1354, 1418, 1481, 1544, 1606, 1667, 1727, 1787], 1607: [1355, 1419, 1482, 1545, 1607, 1608, 1668, 1669], 1665: [1665, 1725], 1788: [1728, 1729, 1788, 1789, 1847, 1848, 1906, 1964], 1844: [1785, 1842, 1843, 1844, 1902, 1903, 1960, 1961], 1845: [1726, 1786, 1845, 1846, 1904, 1905, 1962, 1963], 1900: [1840, 1841, 1899, 1900, 1901, 1957, 1958, 1959]}
{926: [791, 792, 858, 859, 925, 926, 991, 992], 928: [794, 795, 861, 862, 928, 929, 994, 1059], 1120: [790, 857, 924, 990, 1055, 1120, 1185, 1250], 1123: [793, 860, 927, 993, 1058, 1123, 1124, 1188], 1187: [1056, 1057, 1121, 1122, 1186, 1187, 1252, 1316], 1255: [995, 1060, 1125, 1190, 1255, 1256, 1319, 1383], 1379: [1251, 1314, 1315, 1378, 1379, 1442, 1505, 1567], 1381: [1253, 1317, 1381, 1444, 1507, 1569], 1382: [1189, 1254, 1318, 1382, 1445, 1508, 1570, 1631], 1384: [1320, 1321, 1384, 1385, 1447, 1448, 1510, 1511], 1504: [1441, 1502, 1503, 1504, 1565, 1566, 1626, 1627], 1506: [1443, 1506, 1568, 1628, 1629, 1630], 1563: [1500, 1501, 1562, 1563, 1564, 1623, 1624, 1625], 1571: [1446, 1509, 1571, 1572, 1573, 1632, 1633, 1634]}
{2265: [2209, 2210, 2211, 2264, 2265, 2266, 2318, 2319], 2311: [2202, 2203, 2257, 2258, 2310, 2311, 2363, 2364], 2313: [2204, 2205, 2259, 2260, 2312, 2313, 2365, 2366], 2315: [2207, 2208, 2262, 2263, 2315, 2316, 2317, 2368], 2419: [2206, 2261, 2314, 2367, 2419, 2470], 2516: [2416, 2467, 2516, 2564, 2611, 2657, 2701, 2744], 2517: [2417, 2468, 2517, 2565, 2612, 2658, 2702, 2745], 2518: [2418, 2469, 2518, 2566, 2613, 2659], 2520: [2420, 2471, 2520, 2568, 2615, 2661], 2521: [2369, 2421, 2472, 2521, 2569, 2616, 2662, 2706], 2522: [2370, 2422, 2473, 2522, 2570, 2617, 2663, 2707], 2523: [2371, 2423, 2474, 2523, 2571, 2618, 2664, 2708], 2524: [2372, 2424, 2475, 2524, 2572, 2619, 2665, 2709], 2567: [2567, 2614], 2704: [2660, 2703, 2704, 2705, 2746, 2747, 2748, 2749]}
{1204: [1073, 1074, 1138, 1139, 1203, 1204, 1268, 1269], 1205: [1075, 1076, 1140, 1141, 1205, 1206, 1270, 1271], 1207: [1077, 1078, 1142, 1143, 1207, 1208, 1272, 1336], 1209: [1079, 1080, 1144, 1145, 1209, 1210, 1274, 1275], 1461: [1334, 1398, 1461], 1522: [1332, 1396, 1459, 1522, 1584, 1645, 1705, 1765], 1523: [1333, 1397, 1460, 1523, 1585, 1646, 1706, 1766], 1525: [1335, 1399, 1462, 1525, 1587, 1648, 1708, 1768], 1526: [1400, 1463, 1526, 1588, 1649, 1709], 1527: [1273, 1337, 1401, 1464, 1527, 1589, 1650, 1710], 1528: [1338, 1402, 1465, 1528, 1590, 1651, 1711, 1771], 1529: [1339, 1403, 1466, 1529, 1591, 1652, 1712, 1772], 1586: [1586, 1647, 1707], 1826: [1767, 1824, 1825, 1826, 1827, 1884, 1885, 1886], 1828: [1769, 1770, 1828, 1829, 1830, 1887, 1888, 1889]}
{456: [346, 398, 399, 400, 455, 456, 457, 516], 581: [347, 401, 458, 517, 518, 580, 581, 648], 641: [510, 511, 574, 641], 642: [452, 453, 512, 513, 575, 642, 709, 776], 702: [634, 635, 702, 703, 769, 836, 903, 969], 705: [570, 571, 636, 637, 638, 704, 705, 772], 707: [572, 573, 639, 640, 707, 774, 841, 908], 710: [576, 643, 710, 777, 844, 911, 977, 978], 711: [454, 514, 577, 644, 711, 778, 845, 912], 712: [515, 578, 645, 712, 779, 846, 913, 979], 713: [579, 646, 647, 713, 780, 847, 914, 980], 838: [770, 771, 837, 838, 904, 905, 970, 971], 840: [706, 773, 839, 840, 906, 907, 972, 973], 842: [775, 842, 843, 909, 910, 974, 975, 976]}
{784: [650, 651, 717, 718, 784, 785, 851, 852], 786: [652, 653, 719, 720, 786, 787, 853, 854], 788: [654, 655, 721, 722, 788, 789, 855, 922], 849: [714, 715, 781, 782, 848, 849, 915, 916], 917: [649, 716, 783, 850, 917, 983], 1047: [981, 982, 1046, 1047, 1112, 1113, 1177, 1242], 1049: [918, 984, 985, 1049, 1114, 1179], 1050: [919, 920, 986, 1050, 1051, 1115, 1116, 1180], 1052: [921, 987, 988, 1052, 1117, 1118, 1182, 1247], 1054: [856, 923, 989, 1053, 1054, 1119, 1184, 1249], 1307: [1178, 1243, 1306, 1307, 1370, 1371, 1433, 1434], 1308: [1244, 1245, 1308, 1309, 1372, 1373, 1435, 1436], 1310: [1181, 1246, 1310, 1311, 1374, 1375, 1437, 1438], 1312: [1183, 1248, 1312, 1313, 1376, 1377, 1439, 1440]}
{1101: [1035, 1036, 1037, 1100, 1101, 1102, 1165, 1166], 1174: [1044, 1045, 1109, 1110, 1174, 1175, 1239, 1240], 1235: [1040, 1105, 1170, 1235], 1295: [1230, 1231, 1294, 1295, 1358, 1359, 1422, 1485], 1296: [1167, 1232, 1296, 1360, 1423, 1486, 1548, 1609], 1297: [1038, 1103, 1168, 1233, 1297, 1361, 1424, 1487], 1298: [1039, 1104, 1169, 1234, 1298, 1362, 1425, 1488], 1300: [1041, 1106, 1171, 1236, 1300, 1364, 1427], 1301: [1042, 1107, 1172, 1237, 1301, 1365], 1302: [1043, 1108, 1173, 1238, 1302, 1303, 1366, 1429], 1305: [1111, 1176, 1241, 1304, 1305, 1369, 1432, 1495], 1363: [1363, 1426, 1489], 1430: [1367, 1368, 1430, 1431, 1493, 1494, 1555, 1616], 1491: [1428, 1490, 1491, 1492, 1553, 1554, 1614, 1615], 1551: [1549, 1550, 1551, 1552, 1610, 1611, 1612, 1613]}
{1468: [1340, 1341, 1404, 1405, 1467, 1468, 1530, 1531], 1469: [1342, 1343, 1406, 1407, 1469, 1470, 1532, 1533], 1472: [1345, 1346, 1409, 1410, 1472, 1473, 1535, 1536], 1596: [1344, 1408, 1471, 1534, 1595, 1596, 1597, 1657], 1775: [1594, 1655, 1715, 1775], 1832: [1592, 1653, 1713, 1773, 1831, 1832, 1890, 1891], 1833: [1593, 1654, 1714, 1774, 1833, 1892, 1950, 2007], 1835: [1656, 1716, 1776, 1835, 1893, 1894, 1952, 2009], 1836: [1717, 1777, 1836, 1895, 1953, 2010, 2067, 2123], 1837: [1658, 1718, 1778, 1837, 1896, 1954, 2011, 2068], 1838: [1598, 1659, 1719, 1779, 1838, 1839, 1897, 1898], 2006: [1948, 1949, 2005, 2006, 2062, 2063, 2118, 2119], 2012: [1955, 1956, 2012, 2013, 2069, 2070, 2124, 2125], 2065: [1951, 2008, 2064, 2065, 2066, 2120, 2121, 2122]}
{1752: [1691, 1692, 1693, 1694, 1752, 1753, 1811, 1812], 1807: [1687, 1688, 1747, 1748, 1806, 1807, 1866, 1924], 1808: [1689, 1690, 1749, 1808, 1867], 1919: [1683, 1743, 1802, 1861, 1919, 1976, 2033, 2089], 1920: [1684, 1744, 1803, 1862, 1920, 1977, 2034, 2090], 1921: [1745, 1804, 1863, 1921, 1978, 2035, 2091, 2147], 1922: [1685, 1686, 1746, 1805, 1864, 1922, 1979, 2036], 1926: [1750, 1809, 1868, 1926, 1983, 2040, 2096, 2152], 1927: [1751, 1810, 1869, 1927, 1984, 2041, 2097, 2153], 1928: [1870, 1871, 1928, 1985, 2042, 2098, 2154], 1930: [1754, 1813, 1872, 1873, 1930, 1931, 1987, 1988], 1980: [1865, 1923, 1980, 2037, 2092, 2093, 2148, 2149], 2039: [1981, 1982, 2038, 2039, 2094, 2095, 2150, 2151], 2043: [1929, 1986, 2043, 2044, 2099, 2100, 2155, 2156]}
{483: [372, 424, 425, 426, 482, 483, 543, 606], 546: [375, 429, 486, 546], 605: [481, 541, 542, 604, 605, 671, 672, 739], 607: [373, 427, 484, 544, 607, 674, 741, 808], 608: [374, 428, 485, 545, 608, 675], 610: [376, 430, 487, 547, 610, 677, 744, 811], 611: [377, 431, 488, 548, 611, 678, 745, 812], 612: [378, 432, 489, 549, 612, 679, 746, 813], 613: [433, 490, 550, 613, 680, 747, 814, 881], 614: [491, 551, 614, 681, 748, 815, 882, 949], 676: [676, 743], 807: [673, 740, 806, 807, 873, 874, 940, 941], 876: [742, 809, 875, 876, 942, 943, 1008, 1009], 877: [810, 877, 878, 879, 944, 945, 1010, 1011], 947: [880, 946, 947, 948, 1012, 1013, 1014, 1015]}
{102: [39, 40, 69, 70, 102, 103, 139, 140], 175: [66, 98, 99, 135, 136, 174, 175, 218], 216: [97, 133, 134, 172, 173, 215, 216, 217], 220: [68, 101, 138, 177, 220, 266], 265: [67, 100, 137, 176, 219, 265, 313, 364], 310: [261, 262, 309, 310, 360, 361, 415, 472], 312: [263, 264, 311, 312, 362, 363, 417, 474], 315: [178, 221, 267, 315, 366, 420], 316: [179, 222, 268, 316, 317, 367, 421, 478], 422: [368, 422, 423, 479, 480, 539, 540, 603], 476: [365, 419, 476, 477, 536, 537, 599, 666], 533: [416, 473, 532, 533, 595, 596, 662, 663], 535: [418, 475, 534, 535, 597, 598, 664, 665], 601: [538, 600, 601, 602, 667, 668, 669, 670]}
{617: [553, 554, 555, 556, 616, 617, 618, 684], 621: [498, 499, 558, 559, 621, 622, 688, 689], 754: [557, 620, 687, 754, 755, 756, 821, 888], 818: [751, 818], 883: [552, 615, 682, 749, 816, 883, 950, 1016], 884: [683, 750, 817, 884, 951, 1017], 886: [685, 752, 819, 886, 953, 1019], 887: [619, 686, 753, 820, 887, 954, 955, 1020], 889: [822, 823, 889, 890, 956, 957, 1022, 1087], 891: [623, 690, 757, 824, 891, 958, 1024, 1089], 1018: [952, 1018, 1083, 1148, 1213, 1278], 1147: [1081, 1082, 1146, 1147, 1211, 1212, 1276, 1277], 1149: [1084, 1085, 1149, 1150, 1214, 1215, 1279, 1280], 1151: [1021, 1086, 1151, 1152, 1216, 1217, 1281, 1282], 1153: [1023, 1088, 1153, 1154, 1218, 1219, 1283, 1284]}
{1559: [1497, 1498, 1499, 1559, 1560, 1561, 1620, 1680], 1678: [1556, 1557, 1617, 1618, 1676, 1677, 1678, 1738], 1739: [1496, 1558, 1619, 1679, 1739, 1798], 1792: [1672, 1673, 1732, 1733, 1791, 1792, 1850, 1851], 1849: [1670, 1671, 1730, 1731, 1790, 1849, 1907, 1908], 1852: [1674, 1734, 1793, 1852, 1910, 1967, 2024, 2080], 1853: [1675, 1735, 1794, 1853, 1911, 1968, 2025, 2081], 1855: [1736, 1737, 1796, 1855, 1913, 1970, 2027, 2083], 1856: [1797, 1856, 1914, 1971, 2028], 1858: [1740, 1799, 1858, 1916, 1973, 2030], 1859: [1621, 1681, 1741, 1800, 1859, 1917, 1974, 2031], 1860: [1622, 1682, 1742, 1801, 1860, 1918, 1975, 2032], 1912: [1795, 1854, 1912, 1969, 2026, 2082, 2137, 2138], 1915: [1915, 1972, 2029], 1966: [1909, 1965, 1966, 2022, 2023, 2079, 2135, 2136]}
{92: [34, 35, 61, 62, 91, 92, 125, 162], 94: [36, 37, 63, 64, 93, 94, 126, 127], 128: [38, 65, 95, 96, 128, 129, 165, 204], 289: [124, 161, 200, 243, 289, 337, 388, 442], 290: [201, 244, 290, 338, 389, 443, 500, 560], 291: [163, 202, 245, 291, 339, 390, 444, 501], 292: [164, 203, 246, 292, 340, 391, 445, 502], 294: [166, 205, 247, 248, 294, 342, 393, 447], 295: [130, 167, 206, 249, 295, 343, 394, 448], 296: [207, 250, 251, 296, 297, 344, 345, 395], 341: [341, 392, 446, 503], 451: [396, 397, 450, 451, 508, 509, 568, 569], 505: [449, 504, 505, 506, 507, 565, 566, 567], 563: [561, 562, 563, 564, 624, 625, 626, 627]}
{77: [4, 20, 47, 77], 104: [14, 41, 71, 104, 141, 180, 223, 269], 105: [15, 42, 72, 105, 142, 181, 224, 270], 106: [16, 43, 73, 106, 143, 182, 225, 271], 107: [1, 17, 44, 74, 107, 144, 183, 226], 108: [2, 18, 45, 75, 108, 145, 184, 227], 109: [3, 19, 46, 76, 109, 146, 185, 228], 111: [5, 21, 48, 78, 111, 148, 187, 230], 112: [6, 22, 49, 79, 112, 149], 113: [7, 23, 50, 80, 113, 150, 189, 232], 114: [8, 24, 51, 81, 114, 151, 190, 233], 147: [147, 186], 275: [229, 273, 274, 275, 276, 322, 323, 324], 277: [188, 231, 277, 278, 279, 325, 326, 327], 320: [272, 318, 319, 320, 321, 369, 370, 371]}
{2142: [2085, 2086, 2087, 2141, 2142, 2143, 2197, 2198], 2195: [2084, 2139, 2140, 2194, 2195, 2196, 2250, 2303], 2247: [2191, 2192, 2193, 2246, 2247, 2248, 2300, 2353], 2305: [2252, 2253, 2305, 2306], 2355: [2249, 2301, 2302, 2354, 2355, 2406, 2407, 2458], 2357: [2251, 2304, 2356, 2357, 2408, 2409, 2459, 2460], 2360: [2088, 2144, 2199, 2254, 2307, 2360, 2412, 2463], 2361: [2145, 2200, 2255, 2308, 2361, 2413, 2464, 2513], 2362: [2146, 2201, 2256, 2309, 2362, 2414, 2415, 2465], 2462: [2359, 2411, 2462, 2511, 2512, 2559, 2606, 2652], 2510: [2410, 2461, 2508, 2509, 2510, 2557, 2558, 2605], 2562: [2514, 2561, 2562, 2609, 2655, 2699, 2742, 2784], 2563: [2466, 2515, 2563, 2610, 2656, 2700, 2743, 2785], 2607: [2560, 2607, 2608, 2653, 2654, 2697, 2698, 2741]}
{2074: [2016, 2017, 2018, 2073, 2074, 2075, 2130, 2186], 2077: [2019, 2020, 2021, 2076, 2077, 2078, 2133, 2134], 2292: [2126, 2182, 2237, 2292, 2345, 2398, 2450, 2501], 2293: [2014, 2071, 2127, 2183, 2238, 2293, 2346, 2399], 2294: [2015, 2072, 2128, 2184, 2239, 2294, 2347, 2400], 2295: [2129, 2185, 2240, 2295, 2348, 2401, 2453, 2504], 2297: [2131, 2187, 2241, 2242, 2297, 2350, 2403, 2455], 2298: [2132, 2188, 2243, 2298, 2351, 2404, 2456, 2507], 2299: [2189, 2190, 2244, 2245, 2299, 2352, 2405, 2457], 2349: [2349, 2402, 2454, 2505], 2503: [2451, 2452, 2502, 2503, 2552, 2600, 2647, 2693], 2555: [2506, 2555, 2556, 2603, 2604, 2650, 2651, 2696], 2599: [2550, 2551, 2598, 2599, 2645, 2646, 2691, 2692], 2602: [2553, 2554, 2601, 2602, 2648, 2649, 2694, 2695]}
