The optimal value is 180571.3257
Service ways: {16, 26, 6}
Inverters: 698 364 383 106 115 685 707 374
Cable routing:
{558: [555, 556, 557, 558, 559, 560, 561, 562], 592: [589, 590, 591, 592, 593, 594, 595, 596], 624: [553, 554, 587, 588, 622, 623, 624, 625], 628: [626, 627, 628, 629, 630, 631, 632], 663: [660, 661, 662, 663, 664, 665, 666, 667], 693: [657, 658, 659, 692, 693, 694, 727, 728], 697: [695, 696, 697], 699: [699, 700, 701, 702], 733: [730, 731, 732, 733, 734, 735, 736, 737], 762: [729, 760, 761, 762, 763, 792, 793, 794], 766: [764, 765, 766, 767, 768, 769, 770], 798: [795, 796, 797, 798, 799, 800, 801, 802], 825: [823, 824, 825, 826, 853, 854, 855, 856], 829: [827, 828, 829, 830, 831, 832, 833], 860: [857, 858, 859, 860, 861, 862, 863, 872]}
{246: [192, 193, 218, 219, 245, 246, 272, 273], 250: [247, 248, 249, 250, 251, 252, 253, 254], 277: [274, 275, 276, 277, 278, 279, 280, 281], 305: [303, 304, 305, 306, 307, 308, 309, 334], 331: [300, 301, 302, 329, 330, 331, 332, 333], 362: [359, 360, 361, 362, 363, 393], 366: [335, 336, 337, 338, 365, 366, 367, 368], 391: [389, 390, 391, 392, 421, 422, 423, 455], 395: [394, 395, 396, 397, 398, 399], 427: [424, 425, 426, 427, 428, 429, 430, 431], 459: [456, 457, 458, 459, 460, 461, 462, 463], 487: [453, 454, 486, 487, 488, 519, 520, 521], 492: [489, 490, 491, 492, 493, 494, 495, 496], 525: [522, 523, 524, 525, 526, 527, 528, 529]}
{242: [191, 215, 216, 217, 241, 242, 243, 244], 267: [238, 239, 240, 265, 266, 267, 268, 269], 296: [270, 271, 292, 293, 294, 295, 296, 297], 324: [298, 320, 321, 322, 323, 324, 325, 326], 353: [349, 350, 351, 352, 353, 354], 356: [299, 327, 328, 355, 356, 357, 358], 382: [379, 380, 381, 382], 385: [384, 385, 386, 387, 388], 414: [410, 411, 412, 413, 414, 415], 418: [416, 417, 418, 419, 420, 450, 451, 452], 446: [442, 443, 444, 445, 446, 447, 448, 449], 478: [474, 475, 476, 477, 478, 479, 480, 481], 483: [482, 483, 484, 485, 515, 516, 517, 518], 511: [507, 508, 509, 510, 511, 512, 513, 514], 544: [540, 541, 542, 543, 544, 545, 546, 547]}
{25: [7, 8, 9, 22, 23, 24, 25, 26], 40: [19, 20, 21, 38, 39, 40, 41, 42], 46: [10, 27, 28, 44, 45, 46, 47, 48], 64: [43, 62, 63, 64, 65, 66, 67, 68], 81: [58, 59, 60, 61, 79, 80, 81, 82], 85: [83, 84, 85, 86, 87, 88, 89, 105], 102: [100, 101, 102, 103, 104, 122, 123, 124], 107: [107, 108, 109, 110], 128: [125, 126, 127, 128, 129, 130, 131, 132], 147: [145, 146, 147, 168, 169, 170, 194, 195], 151: [148, 149, 150, 151, 152, 153, 154, 155], 174: [171, 172, 173, 174, 175, 176, 177, 178], 199: [196, 197, 198, 199, 200, 201, 202, 203], 225: [220, 221, 222, 223, 224, 225, 226, 227]}
{4: [1, 2, 3, 4, 5, 6, 14, 15], 31: [11, 12, 13, 29, 30, 31, 32, 49], 34: [16, 17, 18, 33, 34, 35, 36, 37], 53: [50, 51, 52, 53, 54, 55, 56, 57], 73: [69, 70, 71, 72, 73, 74, 75, 76], 94: [90, 91, 92, 93, 94, 95, 96, 97], 114: [111, 112, 113, 114], 116: [116, 117], 119: [77, 78, 98, 99, 118, 119, 120, 121], 137: [133, 134, 135, 136, 137, 138], 141: [139, 140, 141, 142, 143, 144, 164, 167], 160: [156, 157, 158, 159, 160, 161, 162, 163], 183: [179, 180, 181, 182, 183, 184, 185, 186], 188: [165, 166, 187, 188, 189, 190, 213, 214], 208: [205, 206, 207, 208, 209, 210, 211, 212]}
{582: [548, 549, 550, 581, 582, 583, 584, 585], 610: [574, 575, 576, 577, 608, 609, 610, 611], 614: [578, 579, 580, 612, 613, 614, 615, 616], 619: [551, 552, 586, 617, 618, 619, 620, 621], 650: [647, 648, 649, 650, 651, 652, 653, 654], 680: [644, 645, 646, 679, 680, 681, 714, 715], 684: [682, 683, 684], 686: [686, 687, 688], 690: [655, 656, 689, 690, 691, 724, 725, 726], 720: [717, 718, 719, 720, 721, 722, 723], 751: [716, 749, 750, 751, 752, 782, 783, 784], 755: [753, 754, 755, 756, 757, 758, 759], 788: [785, 786, 787, 788, 789, 790, 791, 819], 816: [814, 815, 816, 817, 845, 846, 847, 848], 820: [818, 820, 821, 822, 849, 850, 851, 852]}
{566: [530, 531, 563, 564, 565, 566, 567, 568], 601: [569, 597, 598, 599, 600, 601, 602, 603], 605: [570, 571, 572, 573, 604, 605, 606, 607], 637: [633, 634, 635, 636, 637, 638, 639, 640], 672: [668, 669, 670, 671, 672, 673], 676: [641, 642, 643, 674, 675, 676, 677, 678], 706: [703, 704, 705, 706], 708: [708, 709], 711: [710, 711, 712, 713, 746, 747, 748, 779], 742: [738, 739, 740, 741, 742, 743, 744, 745], 775: [771, 772, 773, 774, 775, 776, 777, 778], 807: [803, 804, 805, 806, 807, 808, 809, 810], 812: [780, 781, 811, 812, 813, 842, 843, 844], 838: [834, 835, 836, 837, 838, 839, 840, 841], 869: [864, 865, 866, 867, 868, 869, 870, 871]}
{233: [231, 232, 233, 234, 235, 236, 237, 259], 257: [204, 228, 229, 230, 255, 256, 257, 258], 287: [260, 261, 262, 285, 286, 287, 288, 289], 312: [282, 283, 284, 310, 311, 312, 313, 314], 318: [263, 264, 290, 291, 316, 317, 318, 319], 344: [315, 342, 343, 344, 345, 346, 347, 348], 371: [339, 340, 341, 369, 370, 371, 372, 373], 375: [375, 376, 377, 378], 405: [402, 403, 404, 405, 406, 407, 408, 409], 433: [400, 401, 432, 433, 464, 465, 497, 498], 437: [434, 435, 436, 437, 438, 439, 440, 441], 469: [466, 467, 468, 469, 470, 471, 472, 473], 502: [499, 500, 501, 502, 503, 504, 505, 506], 535: [532, 533, 534, 535, 536, 537, 538, 539]}
