The optimal value is 256868.4443
Service ways: {16, 26, 36, 6}
Inverters: 595 142 539 939 887 131 1158 931 586 529 194
Cable routing:
{438: [395, 396, 397, 398, 436, 437, 438, 439], 480: [399, 440, 441, 479, 480, 481, 482, 483], 517: [476, 477, 478, 515, 516, 517, 518, 519], 523: [484, 485, 486, 521, 522, 523, 524, 525], 557: [520, 553, 554, 555, 556, 557, 558, 559], 594: [591, 592, 593, 594], 596: [596, 597], 599: [560, 561, 562, 563, 598, 599, 600, 601], 632: [628, 629, 630, 631, 632, 633], 636: [634, 635, 636, 637, 638, 673, 674, 675], 669: [665, 666, 667, 668, 669, 670, 671, 672], 705: [701, 702, 703, 704, 705, 706, 707, 708], 709: [709, 710, 711, 745, 746, 747, 780, 781], 741: [737, 738, 739, 740, 741, 742, 743, 744], 776: [772, 773, 774, 775, 776, 777, 778, 779]}
{20: [6, 7, 8, 9, 18, 19, 20, 21], 43: [22, 23, 39, 40, 41, 42, 43, 44], 46: [24, 25, 26, 45, 46, 47, 48, 49], 70: [66, 67, 68, 69, 70, 71, 72, 73], 103: [99, 100, 101, 102, 103, 104], 107: [74, 75, 76, 105, 106, 107, 108, 109], 141: [138, 139, 140, 141], 143: [143, 144], 146: [145, 146, 147, 148, 185, 186, 187, 225], 181: [177, 178, 179, 180, 181, 182, 183, 184], 221: [217, 218, 219, 220, 221, 222, 223, 224], 262: [258, 259, 260, 261, 262, 263, 264, 265], 267: [226, 227, 266, 267, 268, 310, 311, 353], 305: [302, 303, 304, 305, 306, 307, 308, 309], 347: [345, 346, 347, 348, 349, 350, 351, 352]}
{298: [294, 295, 296, 297, 298, 299, 300, 301], 340: [337, 338, 339, 340, 341, 342, 343, 344], 377: [293, 335, 336, 376, 377, 378, 417, 418], 381: [379, 380, 381, 382, 383, 384, 385, 422], 460: [419, 420, 421, 457, 458, 459, 460, 461], 464: [423, 424, 425, 426, 463, 464, 465, 466], 501: [462, 499, 500, 501, 502, 503, 504, 505], 536: [496, 497, 498, 534, 535, 536, 537, 538], 540: [540, 541, 542, 543], 574: [572, 573, 574, 575, 576, 609, 610, 611], 579: [577, 578, 579, 580, 581, 616, 617, 654], 614: [612, 613, 614, 615, 650, 651, 652, 653], 648: [646, 647, 648, 649, 682, 683, 684, 685], 688: [686, 687, 688, 689, 690, 724, 725, 726]}
{809: [805, 806, 807, 808, 809, 810, 811, 812], 842: [838, 839, 840, 841, 842, 843, 844, 845], 847: [813, 814, 815, 846, 847, 848, 880, 881], 875: [871, 872, 873, 874, 875, 876, 877, 878], 907: [903, 904, 905, 906, 907, 908, 909, 910], 938: [935, 936, 937, 938], 940: [940, 941], 943: [879, 911, 912, 913, 942, 943, 944, 945], 970: [966, 967, 968, 969, 970, 971, 972], 974: [973, 974, 975, 976, 1005, 1006, 1007, 1036], 1001: [998, 999, 1000, 1001, 1002, 1003, 1004], 1031: [1028, 1029, 1030, 1031, 1032, 1033, 1034, 1035], 1060: [1057, 1058, 1059, 1060, 1061, 1062, 1063, 1064], 1087: [1084, 1085, 1086, 1087, 1088, 1089, 1090, 1091], 1113: [1111, 1112, 1113, 1114, 1115, 1134, 1135, 1136]}
{719: [715, 716, 717, 718, 719, 720, 721, 753], 757: [722, 723, 756, 757, 758, 759, 760, 761], 784: [748, 749, 750, 751, 782, 783, 784, 785], 789: [754, 755, 787, 788, 789, 790, 791, 792], 819: [752, 786, 816, 817, 818, 819, 820, 821], 826: [793, 794, 795, 824, 825, 826, 827, 828], 855: [822, 823, 853, 854, 855, 856, 857, 858], 883: [849, 850, 851, 852, 882, 883, 914, 915], 886: [884, 885, 886], 888: [888, 889, 890], 892: [859, 860, 861, 891, 892, 893, 924, 925], 919: [916, 917, 918, 919, 920, 921, 922], 950: [946, 947, 948, 949, 950, 951, 952], 954: [923, 953, 954, 955, 956, 985, 986, 987], 981: [977, 978, 979, 980, 981, 982, 983, 984]}
{15: [2, 3, 4, 5, 14, 15, 16, 17], 32: [10, 11, 12, 29, 30, 31, 32, 33], 34: [1, 13, 34, 35, 36, 37, 38, 61], 55: [27, 28, 53, 54, 55, 56, 57, 88], 92: [58, 59, 60, 89, 90, 91, 92, 93], 96: [62, 63, 64, 65, 95, 96, 97, 98], 126: [85, 86, 87, 123, 124, 125, 126, 165], 130: [127, 128, 129, 130], 133: [94, 132, 133, 134, 135, 136, 137, 172], 163: [161, 162, 163, 164, 200, 201, 202, 203], 170: [166, 167, 168, 169, 170, 171, 210, 211], 174: [173, 174, 175, 176, 213, 214, 215, 216], 208: [204, 205, 206, 207, 208, 209, 249, 250], 253: [212, 251, 252, 253, 254, 255, 256, 257]}
{1014: [1011, 1012, 1013, 1014, 1015, 1016, 1017, 1043], 1039: [1008, 1009, 1010, 1037, 1038, 1039, 1040, 1041], 1047: [1018, 1019, 1045, 1046, 1047, 1048, 1049, 1075], 1070: [1042, 1044, 1068, 1069, 1070, 1071, 1072, 1073], 1094: [1065, 1066, 1067, 1092, 1093, 1094, 1095, 1096], 1100: [1074, 1076, 1098, 1099, 1100, 1101, 1102, 1103], 1120: [1097, 1116, 1117, 1118, 1119, 1120, 1121, 1122], 1141: [1137, 1138, 1139, 1140, 1141, 1142, 1143, 1159], 1145: [1123, 1124, 1125, 1126, 1144, 1145, 1146, 1147], 1157: [1155, 1156, 1157, 1170], 1162: [1160, 1161, 1162, 1163, 1164, 1177, 1178, 1179], 1173: [1171, 1172, 1173, 1174, 1175, 1182, 1183, 1184], 1187: [1176, 1185, 1186, 1187, 1188, 1189, 1190, 1196], 1193: [1191, 1192, 1193, 1194, 1195, 1197, 1198, 1199]}
{835: [801, 802, 803, 804, 834, 835, 836, 837], 863: [829, 830, 831, 862, 863, 864, 894, 895], 867: [832, 833, 865, 866, 867, 868, 869, 870], 899: [897, 898, 899, 900, 901, 902], 929: [896, 926, 927, 928, 929, 930], 932: [932, 933, 934], 959: [957, 958, 959, 960, 988, 989, 990, 1020], 962: [961, 962, 963, 964, 965], 993: [991, 992, 993, 994, 995, 996, 997, 1027], 1023: [1021, 1022, 1023, 1024, 1025, 1026, 1050, 1051], 1054: [1052, 1053, 1054, 1055, 1056, 1081, 1082, 1083], 1079: [1077, 1078, 1079, 1080, 1104, 1105, 1106, 1107], 1109: [1108, 1109, 1110, 1131, 1132, 1133, 1153, 1154], 1129: [1127, 1128, 1129, 1130, 1149, 1150, 1151, 1152], 1167: [1148, 1165, 1166, 1167, 1168, 1169, 1180, 1181]}
{390: [387, 388, 389, 390, 391, 392, 393, 394], 431: [429, 430, 431, 432, 433, 434, 435, 471], 468: [386, 427, 428, 467, 468, 469, 470, 507], 512: [472, 473, 474, 475, 511, 512, 513, 514], 548: [508, 509, 510, 546, 547, 548, 549, 550], 583: [506, 544, 545, 582, 583, 584, 585, 620], 589: [551, 552, 587, 588, 589, 590, 626, 627], 623: [621, 622, 623, 624, 625], 656: [618, 619, 655, 656, 657, 691, 692, 727], 660: [658, 659, 660, 661, 662, 663, 664], 696: [693, 694, 695, 696, 697, 698, 699, 700], 732: [729, 730, 731, 732, 733, 734, 735, 736], 764: [728, 762, 763, 764, 765, 796, 797, 798], 767: [766, 767, 768, 769, 770, 771, 799, 800]}
{245: [241, 242, 243, 244, 245, 246, 247, 248], 288: [285, 286, 287, 288, 289, 290, 291, 292], 325: [240, 281, 282, 283, 284, 324, 325, 326], 330: [327, 328, 329, 330, 331, 332, 333, 334], 371: [368, 369, 370, 371, 372, 373, 374, 375], 412: [409, 410, 411, 412, 413, 414, 415, 416], 448: [366, 367, 407, 408, 448, 449, 450, 487], 452: [451, 452, 453, 454, 455, 456], 491: [488, 489, 490, 491, 492, 493, 494, 495], 528: [526, 527, 528], 530: [530, 531, 532, 533], 567: [564, 565, 566, 567, 568, 569, 570, 571], 604: [602, 603, 604, 605, 606, 607, 608], 641: [639, 640, 641, 642, 643, 644, 645, 676], 677: [677, 678, 679, 680, 681, 712, 713, 714]}
{79: [50, 51, 52, 77, 78, 79, 80, 81], 116: [82, 83, 84, 114, 115, 116, 117, 118], 151: [110, 111, 112, 113, 149, 150, 151, 152], 155: [153, 154, 155, 156, 193], 158: [119, 120, 121, 122, 157, 158, 159, 160], 190: [188, 189, 190, 191, 192, 228, 229, 230], 197: [195, 196, 197, 198, 199, 237, 238, 239], 234: [231, 232, 233, 234, 235, 236, 275], 273: [269, 270, 271, 272, 273, 274, 316, 358], 278: [276, 277, 278, 279, 280, 321, 322, 323], 314: [312, 313, 314, 315, 354, 355, 356, 357], 318: [317, 318, 319, 320, 359, 360, 361, 362], 364: [363, 364, 365, 404, 405, 406, 446, 447], 401: [400, 401, 402, 403, 442, 443, 444, 445]}
