The optimal value is 206041.0503
Service ways: {3, 12, 23}
Inverters: 93 398 760 80 385 786 735 338 778
Cable routing:
{19: [14, 15, 16, 17, 18, 19, 20, 21], 41: [38, 39, 40, 41, 42, 43, 44, 45], 62: [13, 35, 36, 37, 60, 61, 62, 63], 66: [64, 65, 66, 67, 68, 69], 91: [87, 88, 89, 90, 91, 92], 94: [94, 95], 97: [70, 71, 96, 97, 98, 125, 126, 127], 117: [115, 116, 117, 118, 145, 146, 147, 148], 121: [119, 120, 121, 122, 123, 124], 151: [149, 150, 151, 152, 153, 182, 183, 184], 154: [154, 155, 156, 157, 158, 185, 186, 187], 179: [177, 178, 179, 180, 181, 210, 211, 212], 188: [188, 189, 190, 221, 222, 223, 224, 256], 216: [213, 214, 215, 216, 217, 218, 219, 220], 251: [248, 249, 250, 251, 252, 253, 254, 255]}
{288: [284, 285, 286, 287, 288, 289, 290, 324], 294: [257, 258, 259, 260, 293, 294, 295, 296], 328: [291, 292, 327, 328, 329, 330, 331, 332], 358: [320, 321, 322, 323, 356, 357, 358, 359], 362: [325, 326, 360, 361, 362, 363, 364, 365], 396: [392, 393, 394, 395, 396, 397], 402: [366, 367, 368, 400, 401, 402, 403, 404], 430: [428, 429, 430, 431, 464, 465, 466, 467], 434: [399, 432, 433, 434, 435, 436], 438: [437, 438, 439, 440, 473, 474, 475, 476], 470: [468, 469, 470, 471, 472, 505, 506, 507], 502: [500, 501, 502, 503, 504, 537, 538, 539], 510: [508, 509, 510, 511, 512, 513, 548, 549], 543: [540, 541, 542, 543, 544, 545, 546, 547]}
{580: [576, 577, 578, 579, 580, 581, 582, 583], 616: [612, 613, 614, 615, 616, 617, 618, 619], 652: [648, 649, 650, 651, 652, 653, 654, 655], 656: [584, 585, 620, 621, 656, 657, 693, 694], 689: [685, 686, 687, 688, 689, 690, 691, 692], 725: [721, 722, 723, 724, 725, 726, 727, 728], 759: [756, 757, 758, 759], 761: [761, 762], 764: [729, 730, 763, 764, 765, 799, 800], 795: [791, 792, 793, 794, 795, 796, 797, 798], 829: [825, 826, 827, 828, 829, 830, 831, 832], 861: [858, 859, 860, 861, 862, 891, 892, 893], 864: [833, 863, 864, 865, 866, 895, 896, 897], 925: [894, 922, 923, 924, 925, 926, 927, 928], 955: [952, 953, 954, 955, 956, 957, 958]}
{6: [2, 3, 4, 5, 6, 7, 8, 9], 28: [24, 25, 26, 27, 28, 29, 30, 31], 33: [10, 11, 12, 32, 33, 34, 58, 59], 48: [1, 22, 23, 46, 47, 48, 49, 50], 53: [51, 52, 53, 54, 55, 79], 76: [72, 73, 74, 75, 76, 77, 78, 104], 83: [56, 57, 81, 82, 83, 84, 85, 86], 108: [105, 106, 107, 108, 109, 110], 112: [111, 112, 113, 114, 142, 143, 144, 174], 138: [134, 135, 136, 137, 138, 139, 140, 141], 170: [166, 167, 168, 169, 170, 171, 172, 173], 203: [199, 200, 201, 202, 203, 204, 205, 206], 208: [175, 176, 207, 208, 209, 242, 243, 244], 238: [234, 235, 236, 237, 238, 239, 240, 241]}
{281: [245, 246, 247, 279, 280, 281, 282, 283], 309: [271, 272, 273, 274, 307, 308, 309, 310], 313: [275, 276, 277, 278, 312, 313, 314, 315], 347: [311, 343, 344, 345, 346, 347, 348, 349], 353: [316, 317, 318, 319, 352, 353, 354, 355], 383: [379, 380, 381, 382, 383, 384], 387: [350, 351, 386, 387, 388, 389, 390, 391], 417: [415, 416, 417, 418, 451, 452, 453, 454], 421: [419, 420, 421, 422, 423, 456], 425: [424, 425, 426, 427, 460, 461, 462, 463], 457: [455, 457, 458, 459, 491, 492, 493, 494], 488: [486, 487, 488, 489, 490, 523, 524, 525], 497: [495, 496, 497, 498, 499, 534, 535, 536], 530: [526, 527, 528, 529, 530, 531, 532, 533]}
{571: [568, 569, 570, 571, 572, 573, 574, 575], 607: [604, 605, 606, 607, 608, 609, 610, 611], 643: [640, 641, 642, 643, 644, 645, 646, 647], 680: [677, 678, 679, 680, 681, 682, 683, 684], 716: [713, 714, 715, 716, 717, 718, 719, 720], 751: [748, 749, 750, 751, 752, 753, 754, 755], 785: [783, 784, 785], 787: [787, 788, 789, 790], 820: [817, 818, 819, 820, 821, 822, 823, 824], 853: [850, 851, 852, 853, 854, 855, 856, 857], 885: [882, 883, 884, 885, 886, 887, 888], 916: [913, 914, 915, 916, 917, 918], 920: [889, 890, 919, 920, 921, 950, 951, 980], 946: [942, 943, 944, 945, 946, 947, 948, 949], 976: [972, 973, 974, 975, 976, 977, 978, 979]}
{551: [514, 515, 516, 550, 551, 552, 586, 587], 555: [517, 553, 554, 555, 556, 557, 558, 559], 591: [588, 589, 590, 591, 592, 593, 594, 595], 627: [624, 625, 626, 627, 628, 629, 630, 631], 660: [622, 623, 658, 659, 660, 661, 695, 696], 664: [662, 663, 664, 665, 666, 667, 668], 700: [697, 698, 699, 700, 701, 702, 703, 704], 734: [731, 732, 733, 734], 736: [736, 737, 738, 739], 770: [766, 767, 768, 769, 770, 771, 772, 773], 804: [801, 802, 803, 804, 805, 806, 807], 837: [834, 835, 836, 837, 838, 839, 840], 869: [867, 868, 869, 870, 871, 872, 898], 901: [899, 900, 901, 902, 903, 931, 932, 933], 960: [929, 930, 959, 960, 961, 962, 963, 981]}
{131: [100, 101, 102, 103, 130, 131, 132, 133], 161: [99, 128, 129, 159, 160, 161, 162, 163], 195: [164, 165, 192, 193, 194, 195, 196, 197], 230: [198, 227, 228, 229, 230, 231, 232, 233], 262: [191, 225, 226, 261, 262, 263, 297, 298], 266: [264, 265, 266, 267, 268, 269, 270], 302: [299, 300, 301, 302, 303, 304, 305, 306], 336: [333, 334, 335, 336, 337], 340: [339, 340, 341, 342, 375, 376, 377, 378], 371: [369, 370, 371, 372, 373, 405, 406, 407], 410: [374, 408, 409, 410, 411, 412, 413, 414], 443: [441, 442, 443, 444, 445, 477, 478, 479], 448: [446, 447, 448, 449, 450, 485, 521, 522], 482: [480, 481, 482, 483, 484, 518, 519, 520]}
{563: [560, 561, 562, 563, 564, 565, 566, 567], 599: [596, 597, 598, 599, 600, 601, 602, 603], 635: [632, 633, 634, 635, 636, 637, 638, 639], 672: [669, 670, 671, 672, 673, 674, 675, 676], 708: [705, 706, 707, 708, 709, 710, 711, 712], 743: [740, 741, 742, 743, 744, 745, 746, 747], 777: [774, 775, 776, 777], 780: [779, 780, 781, 782, 813, 814, 815, 816], 810: [808, 809, 810, 811, 812, 841, 842, 843], 846: [844, 845, 846, 847, 848, 849, 881, 912], 877: [873, 874, 875, 876, 877, 878, 879, 880], 908: [904, 905, 906, 907, 908, 909, 910, 911], 938: [934, 935, 936, 937, 938, 939, 940, 941], 968: [964, 965, 966, 967, 968, 969, 970, 971]}
