The optimal value is 721419.1296
Service ways: {36, 58, 68, 8, 47, 17, 26}
Inverters: 2160 2657 1426 1314 2913 822 448 119 1160 3091 3163 741 2676 1779 1053 2130 801 330 2022 2473 391 101 2979 1385 1236 2139 1930 760 2687 1857
Cable routing:
{1837: [1768, 1769, 1770, 1836, 1837, 1838, 1903, 1904], 1901: [1766, 1767, 1834, 1835, 1900, 1901, 1902, 1967], 1906: [1772, 1773, 1840, 1841, 1906, 1907, 1972, 1973], 2035: [1771, 1839, 1905, 1971, 2035, 2036, 2099, 2162], 2097: [1969, 2033, 2097], 2157: [1966, 2030, 2094, 2157, 2219, 2280, 2340, 2400], 2158: [2031, 2095, 2158, 2220, 2281, 2341, 2401], 2159: [1968, 2032, 2096, 2159, 2221, 2282, 2342], 2161: [1970, 2034, 2098, 2161, 2223, 2224, 2284, 2344], 2163: [2037, 2100, 2101, 2163, 2164, 2225, 2286, 2346], 2222: [2222, 2283, 2343], 2287: [2226, 2287, 2288, 2289, 2347, 2407, 2466, 2524], 2403: [2402, 2403, 2404, 2461, 2462, 2463, 2520, 2521], 2405: [2285, 2345, 2405, 2406, 2464, 2465, 2522, 2523], 2408: [2348, 2349, 2408, 2409, 2467, 2468, 2525, 2526]}
{2431: [2370, 2371, 2372, 2373, 2430, 2431, 2432, 2489], 2486: [2368, 2369, 2427, 2428, 2485, 2486, 2543, 2599], 2541: [2424, 2425, 2426, 2483, 2484, 2540, 2541, 2597], 2549: [2434, 2435, 2492, 2493, 2549, 2550, 2605, 2606], 2602: [2546, 2602], 2653: [2542, 2598, 2652, 2653, 2707, 2708, 2761, 2814], 2655: [2429, 2487, 2544, 2600, 2654, 2655, 2709, 2710], 2656: [2488, 2545, 2601, 2656, 2711, 2764, 2817, 2870], 2658: [2490, 2547, 2603, 2658, 2713, 2766, 2819, 2872], 2659: [2433, 2491, 2548, 2604, 2659, 2714, 2767, 2820], 2712: [2712, 2765, 2818], 2715: [2660, 2661, 2715, 2768, 2821, 2874, 2924], 2816: [2762, 2763, 2815, 2816, 2867, 2868, 2869, 2919], 2921: [2871, 2920, 2921, 2922, 2969, 2970, 2971, 3017], 2972: [2873, 2923, 2972, 2973, 3018, 3019, 3063, 3064]}
{1183: [1067, 1068, 1124, 1125, 1182, 1183, 1242, 1301], 1185: [1069, 1070, 1126, 1127, 1184, 1185, 1243, 1244], 1186: [1071, 1072, 1128, 1129, 1186, 1187, 1245, 1304], 1188: [1073, 1074, 1130, 1131, 1188, 1189, 1247, 1306], 1422: [1241, 1300, 1359, 1360, 1421, 1422, 1484, 1485], 1424: [1302, 1361, 1362, 1423, 1424, 1486, 1487, 1550], 1425: [1303, 1363, 1364, 1425, 1488, 1551, 1615, 1680], 1427: [1246, 1305, 1365, 1366, 1427, 1490, 1491, 1553], 1429: [1248, 1307, 1367, 1428, 1429, 1492, 1555, 1619], 1489: [1489, 1552, 1616, 1617], 1612: [1547, 1548, 1611, 1612, 1676, 1677, 1742, 1743], 1614: [1549, 1613, 1614, 1678, 1679, 1744, 1745, 1813], 1683: [1554, 1618, 1683, 1684, 1749, 1750, 1817, 1818], 1747: [1681, 1682, 1746, 1747, 1748, 1814, 1815, 1816]}
{1255: [1138, 1196, 1255], 1308: [1075, 1132, 1190, 1249, 1308, 1368, 1430, 1493], 1309: [1076, 1133, 1191, 1250, 1309, 1369, 1431, 1494], 1310: [1077, 1134, 1192, 1251, 1310, 1370, 1432, 1495], 1311: [1078, 1135, 1193, 1252, 1311, 1371, 1433, 1496], 1312: [1136, 1194, 1253, 1312, 1372, 1434, 1497, 1560], 1313: [1137, 1195, 1254, 1313, 1373, 1435], 1315: [1139, 1197, 1256, 1315, 1375, 1437], 1316: [1140, 1198, 1257, 1316, 1376, 1438, 1501], 1317: [1141, 1199, 1258, 1317, 1377, 1439, 1502], 1318: [1142, 1200, 1259, 1318, 1378, 1440, 1503], 1499: [1374, 1436, 1499, 1500, 1562, 1626, 1691, 1757], 1621: [1556, 1557, 1620, 1621, 1685, 1686, 1751, 1752], 1623: [1558, 1559, 1622, 1623, 1687, 1688, 1753, 1754], 1625: [1498, 1561, 1624, 1625, 1689, 1690, 1755, 1756]}
{2812: [2704, 2705, 2759, 2760, 2812, 2813, 2865, 2866], 2857: [2695, 2696, 2750, 2751, 2804, 2857, 2910, 2960], 2860: [2699, 2754, 2807, 2860], 2863: [2702, 2703, 2757, 2758, 2810, 2863, 2916, 2966], 2909: [2803, 2856, 2908, 2909, 2958, 2959, 3008, 3054], 2911: [2697, 2752, 2805, 2858, 2911, 2961, 3009, 3010], 2912: [2698, 2753, 2806, 2859, 2912, 2962, 2963, 3011], 2914: [2700, 2755, 2808, 2861, 2914, 2964, 3013, 3059], 2915: [2701, 2756, 2809, 2862, 2915, 2965, 3014, 3015], 2917: [2811, 2864, 2917, 2918, 2967, 2968, 3016, 3062], 3100: [3055, 3099, 3100, 3141, 3142, 3182, 3183, 3221], 3102: [3056, 3057, 3101, 3102, 3143, 3144, 3184, 3185], 3103: [3012, 3058, 3103, 3104, 3145, 3146, 3186, 3187], 3105: [3060, 3061, 3105, 3106, 3147, 3148, 3188, 3189]}
{625: [532, 577, 578, 579, 624, 625, 626, 673], 771: [672, 720, 721, 770, 771, 821], 774: [676, 724, 725, 726, 774, 775, 776, 826], 816: [619, 667, 715, 765, 816, 868, 921, 975], 817: [620, 668, 716, 766, 817, 869, 922, 976], 818: [621, 669, 717, 767, 818, 870, 923, 977], 819: [622, 670, 718, 768, 819, 871, 924, 978], 820: [576, 623, 671, 719, 769, 820, 872, 925], 823: [674, 722, 772, 823, 875, 928], 824: [627, 675, 723, 773, 824, 825, 876, 877], 980: [873, 926, 979, 980, 1034, 1035, 1090, 1091], 981: [874, 927, 981, 982, 1036, 1037, 1092, 1093], 983: [929, 930, 983, 984, 1038, 1039, 1094, 1095], 1032: [1030, 1031, 1032, 1033, 1086, 1087, 1088, 1089]}
{316: [236, 237, 275, 276, 315, 316, 357, 358], 318: [238, 239, 277, 278, 317, 318, 359, 360], 320: [240, 241, 279, 280, 319, 320, 362, 404], 321: [242, 243, 281, 282, 321, 322, 363, 405], 398: [235, 274, 314, 355, 356, 398, 442, 487], 444: [399, 400, 443, 444, 488, 489, 535, 582], 446: [401, 402, 445, 446, 490, 491, 537, 584], 447: [361, 403, 447, 492, 538, 585], 450: [364, 406, 450, 451, 495, 496, 541, 588], 493: [449, 493, 494, 539, 586, 634], 581: [533, 534, 580, 581, 628, 629, 677, 727], 631: [536, 583, 630, 631, 678, 679, 728, 729], 635: [540, 587, 635, 636, 683, 684, 733, 734], 681: [632, 633, 680, 681, 682, 730, 731, 732]}
{51: [18, 19, 20, 49, 50, 51, 83, 114], 88: [25, 56, 88], 93: [30, 31, 61, 62, 63, 93, 95, 124], 111: [17, 48, 80, 81, 111, 112, 144, 178], 116: [21, 52, 53, 85, 116, 149, 183, 219], 117: [22, 23, 54, 86, 117, 150, 184, 220], 118: [24, 55, 87, 118, 151, 185, 221], 120: [26, 57, 89, 120, 153, 187, 223], 121: [27, 58, 90, 121, 154, 188, 224, 225], 122: [28, 29, 59, 60, 91, 122, 155, 189], 125: [94, 125, 126, 158, 159, 192, 193, 228], 146: [82, 113, 145, 146, 179, 180, 215, 216], 148: [84, 115, 147, 148, 181, 182, 217, 218], 152: [152, 186, 222], 156: [92, 123, 156, 157, 190, 191, 226, 227]}
{881: [777, 828, 829, 880, 881, 882, 933, 934], 986: [827, 878, 879, 931, 932, 985, 986, 1041], 1103: [1047, 1048, 1103], 1154: [1040, 1096, 1097, 1153, 1154, 1211, 1212, 1271], 1155: [987, 1042, 1098, 1155, 1213, 1272, 1331, 1391], 1156: [988, 1043, 1099, 1156, 1214, 1273, 1332, 1392], 1157: [935, 989, 1044, 1100, 1157, 1215, 1274, 1333], 1158: [936, 990, 1045, 1101, 1158, 1216, 1275, 1334], 1159: [991, 1046, 1102, 1159, 1217, 1276, 1335], 1161: [1104, 1105, 1161, 1162, 1163, 1219, 1278, 1337], 1218: [1218, 1277], 1281: [1221, 1222, 1280, 1281, 1282, 1340, 1400, 1462], 1338: [1220, 1279, 1338, 1339, 1398, 1399, 1460, 1461], 1396: [1336, 1393, 1394, 1395, 1396, 1397, 1458, 1459], 1401: [1341, 1342, 1401, 1402, 1403, 1463, 1464, 1465]}
{2951: [2900, 2901, 2902, 2949, 2950, 2951, 3000, 3046], 2997: [2946, 2947, 2948, 2995, 2996, 2997, 3043, 3088], 3087: [3041, 3042, 3086, 3087, 3129, 3170, 3209, 3240], 3090: [2998, 2999, 3044, 3045, 3089, 3090, 3132, 3173], 3092: [2952, 3001, 3047, 3092, 3134, 3175], 3093: [2903, 2953, 3002, 3048, 3093, 3135, 3176, 3215], 3094: [2904, 2954, 3003, 3049, 3094, 3136, 3177, 3216], 3095: [2905, 2955, 3004, 3050, 3095, 3137, 3178, 3217], 3096: [2906, 2956, 3005, 3051, 3096, 3138, 3179, 3218], 3097: [2907, 2957, 3006, 3052, 3097, 3139, 3180, 3219], 3098: [3007, 3053, 3098, 3140, 3181, 3220], 3172: [3130, 3131, 3171, 3172, 3210, 3211, 3241, 3242], 3208: [3128, 3169, 3207, 3208, 3238, 3239, 3260, 3261], 3213: [3133, 3174, 3212, 3213, 3214, 3243, 3244, 3245]}
{2986: [2935, 2936, 2937, 2938, 2984, 2985, 2986, 2987], 2989: [2939, 2940, 2941, 2942, 2988, 2989, 2990, 3035], 3039: [2943, 2944, 2945, 2993, 2994, 3039, 3040, 3085], 3122: [3080, 3122], 3157: [3029, 3074, 3116, 3157, 3196, 3227, 3249, 3264], 3158: [3030, 3075, 3117, 3158, 3197, 3228, 3250, 3265], 3159: [3031, 3076, 3118, 3159, 3198, 3229, 3251, 3266], 3160: [3032, 3077, 3119, 3160, 3199, 3230, 3252, 3267], 3161: [3033, 3078, 3120, 3161, 3200, 3231, 3253, 3268], 3162: [3034, 3079, 3121, 3162, 3201, 3232, 3254, 3269], 3164: [3036, 3081, 3123, 3164, 3203, 3234, 3256], 3165: [2991, 3037, 3082, 3124, 3165, 3204, 3235, 3257], 3166: [2992, 3038, 3083, 3125, 3166, 3205, 3236, 3258], 3167: [3084, 3126, 3127, 3167, 3168, 3206, 3237, 3259], 3202: [3202, 3233, 3255]}
{548: [501, 502, 503, 547, 548, 549, 595, 643], 551: [504, 505, 506, 507, 550, 551, 552, 553], 593: [499, 500, 545, 546, 592, 593, 594, 640], 638: [497, 542, 543, 589, 590, 637, 638, 685], 687: [498, 544, 591, 639, 686, 687, 737, 788], 739: [641, 688, 689, 739, 790, 842, 895, 949], 740: [642, 690, 691, 740, 791, 843, 896, 950], 742: [596, 644, 692, 742, 793, 845, 898, 952], 743: [597, 645, 693, 743, 794, 846, 899, 953], 744: [598, 646, 694, 744, 795, 847, 900, 954], 745: [599, 647, 695, 745, 796, 848, 901, 955], 787: [735, 736, 786, 787, 838, 839, 892, 946], 792: [792, 844, 897, 951], 841: [738, 789, 840, 841, 893, 894, 947, 948]}
{2504: [2445, 2446, 2447, 2502, 2503, 2504, 2560, 2561], 2508: [2449, 2450, 2451, 2507, 2508, 2509, 2565, 2621], 2558: [2499, 2500, 2501, 2556, 2557, 2558, 2613, 2614], 2668: [2612, 2667, 2668, 2722, 2723, 2776, 2829, 2882], 2670: [2559, 2615, 2669, 2670, 2724, 2725, 2777, 2778], 2672: [2616, 2617, 2671, 2672, 2727, 2780, 2833, 2886], 2673: [2505, 2562, 2618, 2673, 2728, 2781, 2834, 2887], 2674: [2448, 2506, 2563, 2619, 2674, 2729, 2782, 2835], 2675: [2564, 2620, 2675, 2730, 2783, 2836, 2888, 2889], 2677: [2566, 2622, 2677, 2732, 2785, 2838, 2891, 2892], 2678: [2452, 2510, 2567, 2623, 2678, 2733, 2786, 2839], 2679: [2511, 2568, 2624, 2679, 2734, 2787, 2840, 2893], 2731: [2731, 2784, 2837, 2890], 2832: [2726, 2779, 2830, 2831, 2832, 2883, 2884, 2885]}
{1582: [1455, 1456, 1518, 1519, 1581, 1582, 1645, 1646], 1713: [1521, 1584, 1648, 1713], 1774: [1453, 1516, 1579, 1643, 1708, 1774, 1842, 1908], 1775: [1454, 1517, 1580, 1644, 1709, 1775, 1843, 1909], 1777: [1710, 1711, 1776, 1777, 1844, 1845, 1911, 1977], 1778: [1457, 1520, 1583, 1647, 1712, 1778, 1846, 1912], 1780: [1522, 1585, 1649, 1714, 1780, 1848, 1914, 1980], 1781: [1523, 1586, 1650, 1715, 1781, 1849, 1915, 1981], 1782: [1524, 1587, 1651, 1716, 1782, 1850, 1916, 1982], 1976: [1910, 1974, 1975, 1976, 2040, 2104, 2167, 2229], 1979: [1847, 1913, 1978, 1979, 2043, 2044, 2107, 2170], 2103: [2038, 2039, 2102, 2103, 2165, 2166, 2227, 2228], 2106: [2041, 2042, 2105, 2106, 2168, 2169, 2230, 2231], 2109: [2045, 2046, 2108, 2109, 2110, 2171, 2172, 2173]}
{831: [778, 779, 780, 830, 831, 832, 883, 884], 835: [781, 782, 783, 784, 834, 835, 836, 888], 997: [942, 997], 1049: [937, 938, 992, 993, 1049, 1106, 1164, 1223], 1050: [885, 939, 994, 1050, 1107, 1165, 1224, 1283], 1051: [833, 886, 940, 995, 1051, 1108, 1166, 1225], 1052: [887, 941, 996, 1052, 1109, 1167, 1226, 1285], 1054: [889, 943, 998, 1054, 1111, 1169], 1055: [785, 837, 890, 944, 999, 1055, 1112, 1170], 1056: [891, 945, 1000, 1056, 1113, 1171, 1230, 1289], 1110: [1110, 1168, 1227, 1286], 1287: [1228, 1229, 1287, 1288, 1347, 1409, 1472, 1535], 1344: [1284, 1343, 1344, 1405, 1406, 1468, 1469, 1532], 1408: [1345, 1346, 1407, 1408, 1470, 1471, 1533, 1534], 1410: [1348, 1349, 1410, 1411, 1473, 1474, 1536, 1537]}
{1872: [1737, 1738, 1805, 1806, 1871, 1872, 1938], 1874: [1740, 1741, 1808, 1809, 1874, 1875, 1940, 2004], 1942: [1810, 1811, 1876, 1877, 1942, 1943, 2006, 2007], 2003: [1739, 1807, 1873, 1939, 2003, 2067], 2129: [2002, 2066, 2129, 2191, 2252, 2312], 2131: [2068, 2131, 2193, 2254, 2314, 2374], 2132: [1941, 2005, 2069, 2132, 2194, 2255, 2315, 2375], 2133: [2070, 2071, 2133, 2134, 2195, 2256, 2316, 2376], 2135: [1812, 1878, 1944, 2008, 2072, 2135, 2197, 2258], 2136: [1879, 1945, 2009, 2073, 2136, 2198, 2259, 2319], 2137: [1880, 1946, 2010, 2074, 2137, 2199, 2260, 2320], 2192: [2192, 2253, 2313], 2317: [2196, 2257, 2317, 2318, 2377, 2436, 2494, 2551], 2437: [2378, 2379, 2437, 2438, 2495, 2496, 2552, 2553], 2439: [2380, 2381, 2439, 2440, 2497, 2498, 2554, 2555]}
{511: [464, 465, 466, 467, 510, 511, 512, 556], 559: [468, 469, 513, 514, 559, 560, 606, 607], 602: [463, 508, 509, 554, 555, 600, 601, 602], 652: [557, 558, 603, 604, 605, 652, 700, 750], 656: [470, 515, 561, 608, 655, 656, 704, 754], 797: [648, 696, 746, 797, 849, 902, 956, 1011], 798: [649, 697, 747, 798, 850, 903, 957, 1012], 799: [650, 698, 748, 799, 851, 904, 958, 1013], 800: [651, 699, 749, 800, 852, 905, 959, 1014], 802: [653, 701, 751, 802, 854, 907, 961, 1016], 803: [654, 702, 752, 803, 855, 908, 962, 1017], 804: [703, 753, 804, 805, 856, 909, 963, 1018], 853: [853, 906, 960, 1015], 910: [857, 858, 910, 911, 964, 965, 1019, 1020]}
{289: [212, 248, 249, 250, 287, 289, 329, 371], 290: [213, 251, 290], 324: [244, 245, 283, 284, 323, 324, 365, 366], 326: [246, 247, 286, 326, 327, 368, 410, 454], 331: [214, 252, 291, 331, 373, 415], 332: [253, 292, 332, 374, 416, 460], 333: [254, 293, 333, 375, 417, 461, 462], 334: [255, 294, 295, 334, 335, 376, 377, 418], 336: [256, 257, 258, 296, 336, 378, 419, 420], 337: [259, 297, 298, 337, 379, 380, 421, 422], 339: [260, 299, 338, 339, 381, 423, 424, 425], 340: [261, 262, 300, 301, 340, 341, 382, 383], 367: [285, 325, 367, 407, 408, 409, 452, 453], 370: [288, 328, 369, 370, 411, 412, 455, 456], 414: [372, 413, 414, 457, 458, 459]}
{1693: [1564, 1565, 1628, 1629, 1693, 1694, 1759, 1760], 1695: [1566, 1630, 1631, 1632, 1695, 1696, 1697, 1761], 1826: [1563, 1627, 1692, 1758, 1826, 1827, 1892, 1958], 2023: [1893, 1959, 2023, 2087, 2150], 2024: [1828, 1894, 1960, 2024, 2088, 2151, 2213], 2025: [1829, 1895, 1961, 2025, 2089, 2152, 2214, 2275], 2026: [1762, 1830, 1896, 1962, 2026, 2090, 2153, 2215], 2027: [1763, 1831, 1897, 1963, 2027, 2091, 2154, 2216], 2028: [1698, 1764, 1832, 1898, 1964, 2028, 2092, 2155], 2029: [1699, 1765, 1833, 1899, 1965, 2029, 2093, 2156], 2211: [2086, 2149, 2211, 2212, 2272, 2273, 2332, 2392], 2278: [2217, 2218, 2278, 2279, 2338, 2339, 2398, 2399], 2334: [2274, 2333, 2334, 2335, 2393, 2394, 2453, 2454], 2336: [2276, 2277, 2336, 2337, 2395, 2396, 2397, 2455]}
{2363: [2242, 2243, 2303, 2304, 2363, 2364, 2423, 2482], 2414: [2233, 2294, 2354, 2414], 2469: [2290, 2350, 2410, 2469, 2527, 2584, 2640], 2470: [2291, 2351, 2411, 2470, 2528, 2585, 2641], 2471: [2292, 2352, 2412, 2471, 2529, 2586, 2642], 2472: [2232, 2293, 2353, 2413, 2472, 2530, 2587, 2643], 2474: [2234, 2295, 2355, 2415, 2474, 2532, 2589, 2645], 2475: [2235, 2296, 2356, 2416, 2475, 2533, 2590, 2646], 2476: [2236, 2297, 2357, 2417, 2476, 2534, 2591, 2647], 2477: [2237, 2298, 2358, 2418, 2477, 2535, 2592, 2648], 2478: [2238, 2299, 2359, 2419, 2478, 2536, 2593, 2649], 2479: [2239, 2300, 2360, 2420, 2479, 2537, 2594, 2650], 2480: [2301, 2361, 2421, 2480, 2538, 2595, 2651, 2706], 2481: [2240, 2241, 2302, 2362, 2422, 2481, 2539, 2596], 2531: [2531, 2588, 2644]}
{232: [161, 195, 196, 197, 231, 232, 233, 270], 268: [127, 160, 194, 229, 230, 267, 268, 306], 344: [264, 265, 303, 304, 343, 344, 386, 428], 349: [309, 349], 350: [234, 271, 272, 310, 311, 350, 351, 392], 352: [273, 312, 313, 352, 353, 354, 394, 436], 385: [263, 302, 342, 384, 385, 426, 427, 471], 387: [266, 305, 345, 346, 387, 429, 472, 473], 389: [307, 347, 388, 389, 430, 431, 474, 475], 390: [269, 308, 348, 390, 432, 476], 433: [433, 434, 477, 478], 439: [396, 397, 438, 439, 440, 483, 528, 574], 479: [393, 435, 479, 480, 524, 525, 570, 571], 481: [395, 437, 481, 482, 526, 527, 572, 573], 484: [441, 484, 485, 486, 529, 530, 531, 575]}
{65: [1, 2, 32, 33, 64, 65, 96, 129], 67: [3, 4, 34, 35, 66, 67, 97, 98], 70: [6, 7, 38, 70], 76: [13, 14, 44, 45, 76, 77, 107, 140], 78: [15, 16, 46, 47, 78, 79, 109, 110], 100: [5, 36, 37, 69, 100, 133, 167, 203], 102: [8, 39, 71, 102, 135, 169, 205], 103: [9, 40, 72, 103, 136, 170, 206], 104: [10, 41, 73, 104, 137, 171, 207], 105: [11, 12, 42, 74, 105, 138, 172, 208], 106: [43, 75, 106, 139, 173, 174, 209, 210], 132: [68, 99, 131, 132, 165, 166, 201, 202], 134: [134, 168, 204], 141: [108, 141, 142, 143, 175, 176, 177, 211], 164: [128, 130, 162, 163, 164, 198, 199, 200]}
{2718: [2607, 2608, 2662, 2663, 2716, 2717, 2718, 2770], 2720: [2609, 2610, 2664, 2665, 2719, 2720, 2773, 2826], 2827: [2611, 2666, 2721, 2774, 2775, 2827, 2880, 2930], 2974: [2769, 2822, 2875, 2925, 2974, 3020, 3065, 3107], 2975: [2823, 2876, 2926, 2975, 3021, 3066, 3108, 3149], 2976: [2771, 2824, 2877, 2927, 2976, 3022, 3067, 3109], 2977: [2772, 2825, 2878, 2928, 2977, 3023, 3068, 3110], 2978: [2879, 2929, 2978, 3024, 3069], 2980: [2828, 2881, 2931, 2932, 2980, 2981, 3026, 3027], 2982: [2933, 2934, 2982, 2983, 3028, 3073, 3115, 3156], 3070: [3025, 3070, 3071, 3072, 3112, 3153, 3192, 3223], 3152: [3111, 3150, 3151, 3152, 3190, 3191, 3222], 3154: [3113, 3114, 3154, 3155, 3193, 3194, 3224, 3246], 3225: [3195, 3225, 3226, 3247, 3248, 3262, 3263, 3270]}
{1266: [1149, 1150, 1207, 1208, 1266, 1267, 1325, 1326], 1379: [1143, 1201, 1260, 1319, 1379, 1441, 1504, 1567], 1380: [1144, 1202, 1261, 1320, 1380, 1442, 1505, 1568], 1381: [1145, 1203, 1262, 1321, 1381, 1443, 1506, 1569], 1382: [1146, 1204, 1263, 1322, 1382, 1444, 1507, 1570], 1383: [1147, 1205, 1264, 1323, 1383, 1445, 1508, 1571], 1384: [1148, 1206, 1265, 1324, 1384, 1446, 1509], 1387: [1151, 1209, 1268, 1327, 1386, 1387, 1449, 1512], 1388: [1152, 1210, 1269, 1328, 1388, 1450, 1513, 1576], 1389: [1270, 1329, 1330, 1389, 1390, 1451, 1452, 1515], 1447: [1447, 1448, 1510, 1573, 1637], 1574: [1511, 1574, 1575, 1638, 1639, 1703, 1704, 1705], 1577: [1514, 1577, 1578, 1640, 1641, 1642, 1706, 1707], 1636: [1572, 1633, 1634, 1635, 1636, 1700, 1701, 1702]}
{1122: [1009, 1010, 1065, 1066, 1122, 1123, 1180, 1181], 1177: [1006, 1062, 1119, 1177], 1231: [1001, 1057, 1114, 1172, 1231, 1290, 1350, 1412], 1232: [1002, 1058, 1115, 1173, 1232, 1291, 1351, 1413], 1233: [1003, 1059, 1116, 1174, 1233, 1292, 1352, 1414], 1234: [1004, 1060, 1117, 1175, 1234, 1293, 1353, 1415], 1235: [1005, 1061, 1118, 1176, 1235, 1294, 1295, 1354], 1237: [1007, 1063, 1120, 1178, 1237, 1296, 1356, 1418], 1238: [1008, 1064, 1121, 1179, 1238, 1297, 1357, 1419], 1298: [1239, 1240, 1298, 1299, 1358, 1420, 1483, 1546], 1477: [1475, 1476, 1477, 1538, 1539, 1540, 1603, 1604], 1479: [1416, 1478, 1479, 1541, 1542, 1605, 1606, 1671], 1480: [1355, 1417, 1480, 1481, 1543, 1544, 1607, 1672], 1609: [1482, 1545, 1608, 1609, 1610, 1673, 1674, 1675]}
{1885: [1819, 1820, 1821, 1884, 1885, 1886, 1887, 1951], 1889: [1822, 1823, 1824, 1825, 1888, 1889, 1890, 1891], 2076: [1882, 1948, 2012, 2076], 2138: [1881, 1947, 2011, 2075, 2138, 2200, 2261, 2321], 2140: [1883, 1949, 1950, 2013, 2077, 2140, 2202, 2263], 2141: [2014, 2078, 2141, 2203, 2264, 2324, 2384, 2443], 2142: [2015, 2079, 2142, 2204, 2265, 2325, 2385, 2444], 2143: [1952, 2016, 2080, 2143, 2205, 2266, 2326, 2386], 2144: [1953, 2017, 2081, 2144, 2206, 2267, 2327, 2387], 2145: [1954, 2018, 2082, 2145, 2207, 2268, 2328, 2388], 2146: [1955, 2019, 2083, 2146, 2208, 2269, 2329, 2389], 2147: [1956, 2020, 2084, 2147, 2209, 2270, 2330, 2390], 2148: [1957, 2021, 2085, 2148, 2210, 2271, 2331, 2391], 2322: [2201, 2262, 2322, 2323, 2382, 2383, 2441, 2442]}
{1664: [1598, 1599, 1600, 1663, 1664, 1665, 1730, 1798], 1728: [1596, 1597, 1661, 1662, 1727, 1728, 1795, 1796], 1869: [1669, 1670, 1735, 1736, 1803, 1869, 1935, 1999], 1929: [1729, 1797, 1862, 1863, 1928, 1929, 1993, 2057], 1931: [1731, 1799, 1864, 1865, 1931, 1995], 1932: [1601, 1666, 1732, 1800, 1866, 1932, 1996, 2060], 1933: [1602, 1667, 1733, 1801, 1867, 1933, 1997, 2061], 1934: [1668, 1734, 1802, 1868, 1934, 1998, 2062, 2063], 1936: [1804, 1870, 1936, 1937, 2000, 2001, 2064, 2065], 2058: [1994, 2058, 2120, 2121, 2183, 2244], 2122: [2059, 2122, 2123, 2124, 2184, 2245, 2305, 2365], 2187: [2125, 2126, 2187, 2188, 2248, 2249, 2308, 2309], 2189: [2127, 2128, 2189, 2190, 2250, 2251, 2310, 2311], 2246: [2185, 2186, 2246, 2247, 2306, 2307, 2366, 2367]}
{567: [520, 521, 522, 566, 567, 568, 614, 662], 610: [516, 517, 562, 563, 609, 610, 657, 658], 612: [518, 519, 564, 565, 611, 612, 660, 708], 757: [659, 705, 706, 707, 757, 808, 860, 913], 759: [613, 661, 709, 758, 759, 809, 810, 862], 761: [615, 663, 710, 711, 761, 812, 864, 917], 762: [523, 569, 616, 664, 712, 762, 813, 865], 763: [617, 665, 713, 763, 814, 866, 919, 973], 764: [618, 666, 714, 764, 815, 867, 920, 974], 807: [755, 756, 806, 807, 859, 912, 966, 1021], 811: [811, 863, 915, 916], 968: [861, 914, 967, 968, 969, 1022, 1023, 1079], 1025: [970, 971, 1024, 1025, 1026, 1080, 1081, 1082], 1027: [918, 972, 1027, 1028, 1029, 1083, 1084, 1085]}
{2575: [2459, 2460, 2517, 2518, 2574, 2575, 2630, 2631], 2629: [2457, 2458, 2515, 2516, 2573, 2629, 2684, 2739], 2632: [2519, 2576, 2632], 2680: [2512, 2569, 2625, 2680, 2735, 2788, 2841, 2894], 2681: [2513, 2570, 2626, 2681, 2736, 2789, 2842, 2895], 2682: [2456, 2514, 2571, 2627, 2682, 2737, 2790, 2843], 2683: [2572, 2628, 2683, 2738, 2791, 2844, 2896, 2897], 2688: [2577, 2633, 2688, 2743, 2796, 2849], 2689: [2578, 2634, 2689, 2744, 2797, 2850], 2690: [2579, 2635, 2690, 2745, 2798, 2851], 2691: [2580, 2581, 2636, 2637, 2691, 2746, 2799, 2852], 2693: [2582, 2583, 2638, 2639, 2693, 2694, 2748, 2749], 2742: [2686, 2741, 2742, 2794, 2795, 2847, 2848], 2793: [2685, 2740, 2792, 2793, 2845, 2846, 2898, 2899], 2800: [2692, 2747, 2800, 2801, 2802, 2853, 2854, 2855]}
{1592: [1404, 1466, 1527, 1528, 1529, 1591, 1592, 1656], 1653: [1525, 1526, 1588, 1589, 1652, 1653, 1718, 1784], 1658: [1531, 1594, 1595, 1658, 1659, 1660, 1723, 1789], 1722: [1467, 1530, 1593, 1657, 1721, 1722, 1788, 1856], 1851: [1717, 1783, 1851, 1917, 1983, 2047, 2111, 2174], 1853: [1590, 1654, 1719, 1785, 1852, 1853, 1918, 1919], 1854: [1655, 1720, 1786, 1854, 1920, 1986, 2050, 2114], 1858: [1724, 1725, 1790, 1791, 1858, 1924, 1990, 2054], 1860: [1726, 1792, 1793, 1794, 1860, 1861, 1926, 1927], 1921: [1787, 1855, 1921, 1987, 2051, 2115, 2177, 2178], 1923: [1922, 1923, 1988, 1989], 1991: [1859, 1925, 1991, 1992, 2055, 2056, 2119, 2182], 2049: [1984, 1985, 2048, 2049, 2112, 2113, 2175, 2176], 2117: [2052, 2053, 2116, 2117, 2118, 2179, 2180, 2181]}
