The optimal value is 215680.0170
Service ways: {8, 16, 26}
Inverters: 152 847 507 837 795 449 498 194 174
Cable routing:
{11: [1, 2, 7, 8, 9, 10, 11, 12], 15: [4, 5, 6, 14, 15, 16, 17, 18], 27: [3, 13, 24, 25, 26, 27, 28, 29], 42: [21, 22, 23, 40, 41, 42, 43, 44], 49: [30, 31, 32, 47, 48, 49, 50, 51], 68: [45, 46, 65, 66, 67, 68, 69, 70], 89: [62, 63, 64, 87, 88, 89, 90, 91], 96: [71, 72, 73, 94, 95, 96, 97, 98], 121: [92, 93, 118, 119, 120, 121, 122, 123], 147: [115, 116, 117, 146, 147, 178, 179, 180], 151: [148, 149, 150, 151], 155: [124, 125, 126, 153, 154, 155, 156, 157], 184: [181, 182, 183, 184, 185, 217, 218, 219], 187: [186, 187, 188, 189, 220, 221, 222, 223]}
{721: [686, 687, 688, 689, 720, 721, 722, 723], 752: [719, 748, 749, 750, 751, 752, 753, 754], 757: [690, 691, 724, 725, 755, 756, 757, 758], 787: [785, 786, 787, 788, 789, 790, 791, 818], 815: [782, 783, 784, 813, 814, 815, 816, 817], 845: [842, 843, 844, 845, 846], 849: [819, 820, 821, 822, 848, 849, 850, 851], 874: [871, 872, 873, 874, 875, 876, 877, 878], 895: [869, 870, 894, 895, 896, 917, 918, 939], 899: [897, 898, 899, 900, 901, 902, 903], 922: [919, 920, 921, 922, 923, 924, 925, 926], 943: [940, 941, 942, 943, 944, 945, 946, 947], 959: [938, 957, 958, 959, 960, 973, 974, 975], 962: [961, 962, 963, 964, 965, 966, 976, 977]}
{237: [202, 203, 236, 237, 238, 239, 272, 273], 313: [274, 275, 276, 310, 311, 312, 313, 314], 355: [277, 315, 316, 317, 354, 355, 356, 357], 392: [350, 351, 352, 353, 390, 391, 392, 393], 434: [394, 395, 396, 397, 433, 434, 435, 436], 470: [429, 430, 431, 432, 469, 470, 471, 472], 505: [467, 468, 504, 505, 506], 510: [473, 474, 508, 509, 510, 511, 512, 549], 544: [541, 542, 543, 544, 545, 546, 547, 548], 580: [576, 577, 578, 579, 580, 581, 582, 583], 616: [612, 613, 614, 615, 616, 617, 618], 620: [584, 585, 619, 620, 621, 654, 655, 656], 651: [647, 648, 649, 650, 651, 652, 653, 685], 683: [681, 682, 683, 684, 715, 716, 717, 718]}
{744: [740, 741, 742, 743, 744, 745, 746, 747], 777: [774, 775, 776, 777, 778, 779, 780, 781], 803: [738, 739, 771, 772, 773, 802, 803, 804], 808: [805, 806, 807, 808, 809, 810, 811, 812], 834: [831, 832, 833, 834, 835, 836, 859, 860], 838: [838, 839, 840, 841], 864: [861, 862, 863, 864, 865, 866, 867, 868], 883: [858, 882, 883, 884, 885, 904, 905, 906], 889: [886, 887, 888, 889, 890, 891, 892, 893], 912: [909, 910, 911, 912, 913, 914, 915, 916], 929: [907, 908, 927, 928, 929, 930, 948, 949], 933: [931, 932, 933, 934, 935, 936, 937, 950], 952: [951, 952, 953, 954, 955, 956, 967, 968], 970: [969, 970, 971, 972, 978, 979, 980, 981]}
{555: [551, 552, 553, 554, 555, 556, 557, 591], 595: [558, 559, 560, 592, 593, 594, 595, 596], 624: [587, 588, 589, 590, 622, 623, 624, 625], 630: [627, 628, 629, 630, 631, 632, 633, 634], 664: [661, 662, 663, 664, 665, 666, 667, 668], 694: [626, 657, 658, 659, 660, 692, 693, 694], 698: [695, 696, 697, 698, 699, 700, 701, 702], 731: [726, 727, 728, 729, 730, 731, 732, 733], 736: [703, 704, 734, 735, 736, 737, 769, 770], 764: [759, 760, 761, 762, 763, 764, 765, 766], 794: [792, 793, 794, 823], 798: [767, 768, 796, 797, 798, 799, 800, 801], 825: [824, 825, 826, 827, 828, 829, 830, 852], 854: [853, 854, 855, 856, 857, 879, 880, 881]}
{250: [212, 213, 214, 215, 248, 249, 250, 251], 254: [216, 252, 253, 254, 255, 256, 257, 258], 292: [289, 290, 291, 292, 293, 294, 295, 333], 328: [286, 287, 288, 326, 327, 328, 329, 330], 336: [259, 296, 297, 334, 335, 336, 337, 376], 372: [331, 332, 370, 371, 372, 373, 374, 375], 407: [366, 367, 368, 369, 405, 406, 407, 408], 411: [409, 410, 411, 412, 413, 414], 447: [443, 444, 445, 446, 447, 448], 450: [450, 451], 453: [377, 415, 416, 452, 453, 454, 490, 491], 482: [480, 481, 482, 483, 517, 518, 519, 520], 486: [484, 485, 486, 487, 488, 489], 523: [521, 522, 523, 524, 525, 526, 527, 528], 562: [561, 562, 563, 564, 597, 598, 599, 600]}
{423: [385, 418, 419, 420, 421, 422, 423, 424], 426: [386, 387, 388, 389, 425, 426, 427, 428], 461: [457, 458, 459, 460, 461, 462, 463, 464], 493: [417, 455, 456, 492, 493, 494, 529, 530], 497: [495, 496, 497], 499: [499, 500], 502: [465, 466, 501, 502, 503, 539, 540], 535: [531, 532, 533, 534, 535, 536, 537, 538], 567: [565, 566, 567, 601, 602, 603, 637, 638], 571: [568, 569, 570, 571, 572, 573, 574, 575], 607: [604, 605, 606, 607, 608, 609, 610, 611], 642: [639, 640, 641, 642, 643, 644, 645, 646], 671: [635, 636, 669, 670, 671, 672, 705, 706], 676: [673, 674, 675, 676, 677, 678, 679, 680], 710: [707, 708, 709, 710, 711, 712, 713, 714]}
{53: [33, 34, 52, 53, 54, 55, 74, 75], 103: [77, 78, 79, 102, 103, 104, 105, 106], 129: [76, 99, 100, 101, 127, 128, 129, 130], 162: [131, 132, 133, 160, 161, 162, 163, 164], 166: [134, 135, 136, 165, 166, 167, 168, 169], 191: [158, 159, 190, 191, 192, 193, 224, 225], 197: [195, 196, 197, 198, 199, 200, 201, 231], 228: [226, 227, 228, 229, 230], 233: [232, 233, 234, 235, 268, 269, 270, 271], 264: [260, 261, 262, 263, 264, 265, 266, 267], 302: [298, 299, 300, 301, 302, 303, 304, 305], 307: [306, 307, 308, 309, 346, 347, 348, 349], 342: [338, 339, 340, 341, 342, 343, 344, 345], 382: [378, 379, 380, 381, 382, 383, 384]}
{37: [19, 20, 35, 36, 37, 38, 39, 59], 83: [56, 57, 58, 80, 81, 82, 83, 84], 113: [60, 61, 85, 86, 111, 112, 113, 114], 140: [107, 108, 109, 110, 137, 138, 139, 140], 173: [141, 142, 170, 171, 172, 173], 175: [143, 144, 145, 175, 176, 177], 208: [204, 205, 206, 207, 208, 209, 210, 211], 244: [240, 241, 242, 243, 244, 245, 246, 247], 282: [278, 279, 280, 281, 282, 283, 284, 285], 322: [318, 319, 320, 321, 322, 323, 324, 325], 362: [358, 359, 360, 361, 362, 363, 364, 365], 401: [398, 399, 400, 401, 402, 403, 404, 442], 439: [437, 438, 439, 440, 441, 475, 476, 477], 514: [478, 479, 513, 514, 515, 516, 550, 586]}
