The optimal value is 302415.5137
Service ways: {25, 4, 36, 13}
Inverters: 1236 424 436 415 855 873 406 918 1288 91 902 1247 100
Cable routing:
{1036: [1033, 1034, 1035, 1036, 1037, 1038, 1039, 1040], 1067: [1030, 1031, 1032, 1065, 1066, 1067, 1068, 1101], 1071: [1069, 1070, 1071, 1072, 1073, 1074, 1075, 1076], 1105: [1102, 1103, 1104, 1105, 1106, 1107, 1108, 1109], 1139: [1136, 1137, 1138, 1139, 1140, 1141, 1142, 1143], 1167: [1099, 1100, 1133, 1134, 1135, 1167, 1168, 1199], 1172: [1169, 1170, 1171, 1172, 1173, 1174, 1175, 1176], 1204: [1201, 1202, 1203, 1204, 1205, 1206, 1207, 1208], 1233: [1200, 1231, 1232, 1233, 1234, 1235, 1263, 1264], 1237: [1237, 1238, 1239, 1240], 1268: [1265, 1266, 1267, 1268, 1269, 1270, 1271, 1272], 1300: [1295, 1296, 1297, 1298, 1299, 1300, 1301, 1302], 1329: [1326, 1327, 1328, 1329, 1330, 1355, 1356, 1357], 1332: [1303, 1304, 1331, 1332, 1333, 1358, 1359, 1360]}
{343: [298, 339, 340, 341, 342, 343, 344, 345], 384: [380, 381, 382, 383, 384, 385, 386, 425], 389: [347, 348, 349, 350, 388, 389, 390, 391], 423: [420, 421, 422, 423], 427: [346, 387, 426, 427, 428, 429, 430, 431], 464: [460, 461, 462, 463, 464, 465, 466, 467], 469: [468, 469, 470, 471, 508, 509, 510, 511], 504: [500, 501, 502, 503, 504, 505, 506, 507], 544: [540, 541, 542, 543, 544, 545, 546, 547], 549: [548, 549, 550, 551, 587, 588, 589, 590], 583: [579, 580, 581, 582, 583, 584, 585, 586], 622: [618, 619, 620, 621, 622, 623, 624, 625], 627: [626, 627, 628, 629, 665, 666, 667, 668], 661: [657, 658, 659, 660, 661, 662, 663, 664]}
{314: [310, 311, 312, 313, 314, 315, 316, 317], 355: [351, 352, 353, 354, 355, 356, 357, 358], 396: [392, 393, 394, 395, 396, 397, 398, 399], 400: [318, 319, 359, 360, 361, 400, 401, 402], 435: [432, 433, 434, 435], 439: [437, 438, 439, 440, 441, 442, 480, 482], 476: [472, 473, 474, 475, 476, 477, 478, 479], 516: [512, 513, 514, 515, 516, 517, 518, 519], 521: [481, 520, 521, 522, 560, 561, 562, 563], 556: [552, 553, 554, 555, 556, 557, 558, 559], 595: [591, 592, 593, 594, 595, 596, 597, 598], 599: [599, 600, 601, 602, 638, 639, 677, 678], 634: [630, 631, 632, 633, 634, 635, 636, 637], 673: [669, 670, 671, 672, 673, 674, 675, 676]}
{210: [143, 144, 174, 175, 209, 210, 211, 247], 213: [176, 177, 178, 212, 213, 214, 215, 216], 251: [248, 249, 250, 251, 252, 253, 254, 255], 292: [288, 289, 290, 291, 292, 293, 294, 295], 333: [329, 330, 331, 332, 333, 334, 335, 336], 337: [256, 257, 296, 297, 337, 338, 378, 379], 374: [370, 371, 372, 373, 374, 375, 376, 377], 413: [411, 412, 413, 414, 451, 452, 453, 454], 416: [416, 417, 418, 419], 457: [455, 456, 457, 458, 459, 497, 498, 499], 494: [491, 492, 493, 494, 495, 496, 531, 532], 535: [533, 534, 535, 536, 537, 538, 539, 578], 575: [571, 572, 573, 574, 575, 576, 577, 610], 614: [611, 612, 613, 614, 615, 616, 617, 656]}
{702: [699, 700, 701, 702, 703, 704, 705, 706], 735: [695, 696, 697, 698, 733, 734, 735, 736], 740: [737, 738, 739, 740, 741, 742, 743, 744], 779: [776, 777, 778, 779, 780, 781, 782, 783], 812: [771, 772, 773, 774, 810, 811, 812, 813], 818: [815, 816, 817, 818, 819, 820, 821, 822], 851: [775, 814, 848, 849, 850, 851, 852, 853], 856: [856, 857, 858, 859], 888: [885, 886, 887, 888, 889, 922, 924, 925], 892: [854, 890, 891, 892, 893, 894, 895, 896], 929: [926, 927, 928, 929, 930, 931, 932, 933], 961: [923, 959, 960, 961, 962, 995, 996, 997], 966: [963, 964, 965, 966, 967, 968, 969, 970], 1001: [998, 999, 1000, 1001, 1002, 1003, 1004, 1005]}
{604: [564, 565, 603, 604, 605, 606, 607, 608], 643: [640, 641, 642, 643, 644, 645, 646, 647], 682: [679, 680, 681, 682, 683, 684, 685, 686], 720: [717, 718, 719, 720, 721, 722, 723, 724], 758: [755, 756, 757, 758, 759, 760, 761, 762], 797: [794, 795, 796, 797, 798, 799, 800, 801], 836: [833, 834, 835, 836, 837, 838, 839, 840], 872: [870, 871, 872], 874: [874, 875, 876], 910: [907, 908, 909, 910, 911, 912, 913], 947: [944, 945, 946, 947, 948, 949, 950], 984: [981, 982, 983, 984, 985, 986, 987, 1016], 1019: [1017, 1018, 1019, 1020, 1021, 1022, 1055, 1056], 1052: [1051, 1052, 1053, 1054, 1086, 1087, 1120, 1121], 1089: [1088, 1089, 1090, 1091, 1122, 1123, 1124, 1125]}
{83: [58, 59, 81, 82, 83, 84, 85], 110: [107, 108, 109, 110, 111, 112, 113], 138: [135, 136, 137, 138, 139, 140, 141, 142], 169: [166, 167, 168, 169, 170, 171, 172, 173], 204: [201, 202, 203, 204, 205, 206, 207, 208], 242: [239, 240, 241, 242, 243, 244, 245, 246], 283: [280, 281, 282, 283, 284, 285, 286, 287], 324: [320, 321, 322, 323, 324, 325, 326, 327], 365: [362, 363, 364, 365, 366, 367, 368], 405: [403, 404, 405], 409: [328, 369, 407, 408, 409, 410, 449, 450], 446: [443, 444, 445, 446, 447, 448], 486: [483, 484, 485, 486, 487, 488, 489, 490], 526: [523, 524, 525, 526, 527, 528, 529, 530], 567: [566, 567, 568, 569, 570, 609]}
{651: [648, 649, 650, 651, 652, 653, 654, 655], 690: [687, 688, 689, 690, 691, 692, 693, 694], 728: [725, 726, 727, 728, 729, 730, 731, 732], 766: [763, 764, 765, 766, 767, 768, 769, 770], 805: [802, 803, 804, 805, 806, 807, 808, 809], 844: [841, 842, 843, 844, 845, 846, 847], 881: [877, 878, 879, 880, 881, 882, 883, 884], 917: [914, 915, 916, 917], 919: [919, 920, 921], 955: [951, 952, 953, 954, 955, 956, 957, 958], 992: [988, 989, 990, 991, 992, 993, 994], 1027: [1023, 1024, 1025, 1026, 1027, 1028, 1029], 1062: [1057, 1058, 1059, 1060, 1061, 1062, 1063, 1064], 1096: [1092, 1093, 1094, 1095, 1096, 1097, 1098, 1126], 1131: [1127, 1128, 1129, 1130, 1131, 1132, 1165, 1166]}
{1159: [1155, 1156, 1157, 1158, 1159, 1160, 1161, 1162], 1192: [1188, 1189, 1190, 1191, 1192, 1193, 1194, 1195], 1224: [1220, 1221, 1222, 1223, 1224, 1225, 1226, 1227], 1228: [1163, 1164, 1196, 1197, 1198, 1228, 1229, 1230], 1256: [1252, 1253, 1254, 1255, 1256, 1257, 1258, 1259], 1287: [1284, 1285, 1286, 1287], 1292: [1260, 1261, 1262, 1290, 1291, 1292, 1293, 1294], 1320: [1289, 1316, 1317, 1318, 1319, 1320, 1321, 1322], 1324: [1323, 1324, 1325, 1353, 1354, 1380, 1381, 1398], 1349: [1345, 1346, 1347, 1348, 1349, 1350, 1351, 1352], 1376: [1372, 1373, 1374, 1375, 1376, 1377, 1378, 1379], 1394: [1390, 1391, 1392, 1393, 1394, 1395, 1396, 1397], 1406: [1402, 1403, 1404, 1405, 1406, 1407, 1408, 1409], 1413: [1410, 1411, 1412, 1413, 1414, 1415, 1416, 1417]}
{6: [2, 3, 4, 5, 6, 7, 8, 9], 21: [17, 18, 19, 20, 21, 22, 23, 24], 42: [39, 40, 41, 42, 43, 44, 45, 65], 61: [1, 16, 37, 38, 60, 61, 62, 63], 90: [64, 86, 87, 88, 89, 90], 92: [66, 67, 68, 92, 93, 94], 119: [116, 117, 118, 119, 120, 121, 122, 123], 146: [114, 115, 145, 146, 179, 180, 181, 219], 150: [147, 148, 149, 150, 151, 152, 153, 154], 185: [182, 183, 184, 185, 186, 187, 188, 189], 223: [220, 221, 222, 223, 224, 225, 226, 227], 259: [217, 218, 258, 259, 260, 299, 300, 301], 264: [261, 262, 263, 264, 265, 266, 267, 268], 305: [302, 303, 304, 305, 306, 307, 308, 309]}
{712: [709, 710, 711, 712, 713, 714, 715, 716], 750: [747, 748, 749, 750, 751, 752, 753, 754], 785: [707, 708, 745, 746, 784, 785, 823, 824], 789: [786, 787, 788, 789, 790, 791, 792, 793], 828: [825, 826, 827, 828, 829, 830, 831, 832], 865: [862, 863, 864, 865, 866, 867, 868, 869], 898: [860, 861, 897, 898, 899, 934, 935], 901: [900, 901], 903: [903, 904, 905, 906], 939: [936, 937, 938, 939, 940, 941, 942, 943], 976: [973, 974, 975, 976, 977, 978, 979, 980], 1007: [971, 972, 1006, 1007, 1008, 1041, 1042, 1077], 1011: [1009, 1010, 1011, 1012, 1013, 1014, 1015], 1046: [1043, 1044, 1045, 1046, 1047, 1048, 1049, 1050], 1081: [1078, 1079, 1080, 1081, 1082, 1083, 1084, 1085]}
{1116: [1112, 1113, 1114, 1115, 1116, 1117, 1118, 1119], 1150: [1147, 1148, 1149, 1150, 1151, 1152, 1153, 1154], 1178: [1110, 1111, 1144, 1145, 1146, 1177, 1178, 1179], 1183: [1180, 1181, 1182, 1183, 1184, 1185, 1186, 1187], 1215: [1212, 1213, 1214, 1215, 1216, 1217, 1218, 1219], 1243: [1209, 1210, 1211, 1241, 1242, 1243, 1244, 1245], 1248: [1248, 1249, 1250, 1251], 1275: [1273, 1274, 1275, 1276, 1305, 1306, 1307, 1308], 1279: [1246, 1277, 1278, 1279, 1280, 1281, 1282, 1283], 1311: [1309, 1310, 1311, 1312, 1313, 1314, 1315, 1339], 1336: [1334, 1335, 1336, 1337, 1338, 1361, 1362, 1363], 1342: [1340, 1341, 1342, 1343, 1344, 1369, 1370, 1371], 1366: [1364, 1365, 1366, 1367, 1368, 1382, 1383, 1384], 1387: [1385, 1386, 1387, 1388, 1389, 1399, 1400, 1401]}
{27: [10, 11, 12, 13, 25, 26, 27, 28], 30: [14, 15, 29, 30, 31, 32, 33, 34], 51: [46, 47, 48, 49, 50, 51, 52, 53], 56: [35, 36, 54, 55, 56, 57, 79, 80], 74: [71, 72, 73, 74, 75, 76], 97: [69, 70, 95, 96, 97, 98, 99, 124], 103: [77, 78, 101, 102, 103, 104, 105, 106], 128: [125, 126, 127, 128, 129, 130], 132: [131, 132, 133, 134, 163, 164, 165, 198], 159: [155, 156, 157, 158, 159, 160, 161, 162], 194: [190, 191, 192, 193, 194, 195, 196, 197], 232: [228, 229, 230, 231, 232, 233, 234, 235], 237: [199, 200, 236, 237, 238, 277, 278, 279], 273: [269, 270, 271, 272, 273, 274, 275, 276]}
