The optimal value is 668026.4319
Service ways: {37, 6, 46, 17, 55, 26}
Inverters: 472 1532 1507 2930 1487 2098 1047 2346 1845 2517 2107 422 220 54 1208 2829 2537 623 1058 229 1836 722 2913 741 2117 1083 2565 1606
Cable routing:
{355: [302, 327, 328, 329, 330, 354, 355, 356], 358: [331, 332, 333, 334, 357, 358, 359, 360], 441: [382, 411, 441], 468: [436, 437, 467, 468, 498, 499, 531, 564], 469: [379, 407, 408, 438, 469, 500, 532, 565], 470: [353, 380, 409, 439, 470, 501, 533, 566], 471: [381, 410, 440, 471, 502, 534, 567], 473: [383, 412, 442, 473, 504, 536, 569], 474: [384, 413, 443, 474, 505, 537, 570, 605], 475: [385, 414, 444, 475, 506, 538, 571, 606], 476: [386, 415, 445, 476, 507, 539, 572, 607], 477: [387, 416, 446, 477, 508, 540, 573, 608], 478: [335, 361, 388, 417, 447, 478, 509, 541], 503: [503, 535, 568], 529: [466, 497, 528, 529, 530, 561, 562, 563]}
{1267: [1168, 1216, 1217, 1265, 1266, 1267, 1317, 1318], 1269: [1122, 1170, 1219, 1220, 1269, 1270, 1320, 1321], 1371: [1121, 1169, 1218, 1268, 1319, 1371, 1372, 1424], 1477: [1370, 1423, 1477, 1478], 1528: [1472, 1473, 1526, 1527, 1528, 1582, 1583, 1637], 1529: [1367, 1419, 1420, 1474, 1529, 1584, 1638, 1691], 1530: [1316, 1368, 1421, 1475, 1530, 1585, 1639, 1692], 1531: [1369, 1422, 1476, 1531, 1586, 1587, 1640, 1693], 1534: [1425, 1479, 1533, 1534, 1588, 1589, 1643, 1696], 1535: [1373, 1426, 1480, 1535, 1590, 1644, 1697, 1749], 1746: [1641, 1694, 1744, 1745, 1746, 1796, 1797, 1847], 1747: [1642, 1695, 1747, 1748, 1798, 1799, 1848, 1898], 1849: [1800, 1849, 1850, 1899, 1900, 1948, 1949, 1997], 1950: [1901, 1902, 1950, 1951, 1998, 1999, 2045, 2046]}
{1297: [1246, 1247, 1248, 1296, 1297, 1298, 1348], 1346: [1244, 1245, 1294, 1295, 1345, 1346, 1397, 1398], 1453: [1400, 1453], 1500: [1290, 1341, 1393, 1446, 1500, 1555, 1610, 1664], 1501: [1291, 1342, 1394, 1447, 1501, 1556, 1611, 1665], 1502: [1292, 1343, 1395, 1448, 1502, 1557, 1612, 1666], 1503: [1293, 1344, 1396, 1449, 1503, 1558, 1613, 1667], 1505: [1450, 1451, 1504, 1505, 1559, 1560, 1615, 1669], 1506: [1347, 1399, 1452, 1506, 1561, 1616, 1670, 1723], 1508: [1349, 1401, 1454, 1508, 1563, 1618, 1672, 1725], 1509: [1350, 1402, 1455, 1509, 1564, 1619, 1673, 1726], 1510: [1403, 1456, 1510, 1565, 1620, 1674, 1727], 1562: [1562, 1617, 1671, 1724], 1721: [1614, 1668, 1719, 1720, 1721, 1722, 1772, 1823], 1770: [1717, 1718, 1769, 1770, 1771, 1820, 1821, 1822]}
{2804: [2737, 2769, 2770, 2771, 2802, 2803, 2804, 2836], 2806: [2739, 2740, 2773, 2774, 2806, 2807, 2838, 2870], 2808: [2741, 2742, 2775, 2776, 2808, 2809, 2840, 2841], 2869: [2738, 2772, 2805, 2837, 2869, 2900], 2874: [2743, 2777, 2810, 2842, 2843, 2873, 2874, 2875], 2925: [2832, 2864, 2895, 2925, 2954, 2981, 3007, 3028], 2926: [2833, 2865, 2896, 2926, 2955, 2982, 3008, 3029], 2927: [2834, 2866, 2897, 2927, 2956, 2983, 3009, 3030], 2928: [2835, 2867, 2898, 2928, 2957, 2984, 3010, 3031], 2929: [2868, 2899, 2929, 2958, 2985, 3011], 2931: [2901, 2931, 2960, 2987, 3013], 2932: [2839, 2871, 2902, 2932, 2961, 2988, 2989, 3014], 2933: [2872, 2903, 2904, 2933, 2934, 2962, 2963, 2990], 2935: [2905, 2906, 2935, 2936, 2964, 2965, 2991, 2992], 2959: [2959, 2986, 3012]}
{1433: [1277, 1328, 1380, 1433], 1481: [1271, 1322, 1374, 1427, 1481, 1536, 1591, 1645], 1482: [1272, 1323, 1375, 1428, 1482, 1537, 1592, 1646], 1483: [1273, 1324, 1376, 1429, 1483, 1538, 1593, 1647], 1484: [1274, 1325, 1377, 1430, 1484, 1539, 1594, 1648], 1485: [1275, 1326, 1378, 1431, 1485, 1540, 1595, 1649], 1486: [1276, 1327, 1379, 1432, 1486, 1541, 1596, 1650], 1488: [1278, 1329, 1330, 1381, 1434, 1488, 1543, 1598], 1489: [1331, 1382, 1383, 1435, 1489, 1544, 1599, 1653], 1651: [1542, 1597, 1651, 1652, 1704, 1756, 1807, 1857], 1751: [1698, 1699, 1750, 1751, 1801, 1802, 1851, 1852], 1753: [1700, 1701, 1752, 1753, 1803, 1804, 1853, 1854], 1755: [1702, 1703, 1754, 1755, 1805, 1806, 1855, 1856], 1757: [1705, 1706, 1757, 1758, 1808, 1809, 1858, 1859]}
{2052: [1908, 1957, 2005, 2052], 2093: [1903, 1952, 2000, 2047, 2092, 2093, 2138], 2094: [1904, 1953, 2001, 2048, 2094, 2139, 2184], 2095: [1905, 1954, 2002, 2049, 2095, 2140, 2185, 2229], 2096: [1906, 1955, 2003, 2050, 2096, 2141, 2186, 2230], 2097: [1907, 1956, 2004, 2051, 2097, 2142, 2187, 2231], 2099: [1909, 1958, 2006, 2053, 2099, 2144, 2189, 2233], 2100: [1910, 1959, 2007, 2054, 2100, 2145, 2190, 2234], 2101: [1911, 1960, 2008, 2055, 2101, 2146, 2191, 2235], 2102: [1912, 1961, 2009, 2056, 2102, 2147, 2192, 2236], 2103: [1913, 1962, 2010, 2057, 2103, 2148, 2193, 2237], 2143: [2143, 2188], 2275: [2232, 2273, 2274, 2275, 2276, 2316, 2317, 2358], 2278: [2278, 2279, 2280, 2321, 2361, 2362, 2402, 2403], 2318: [2277, 2318, 2319, 2320, 2359, 2360, 2400, 2401]}
{874: [832, 833, 873, 874, 875, 876, 877, 878], 914: [830, 831, 871, 872, 913, 914, 957, 1001], 999: [829, 870, 912, 954, 955, 998, 999, 1044], 1046: [956, 1000, 1045, 1046, 1092, 1139, 1187, 1236], 1048: [915, 958, 1002, 1048, 1094, 1141, 1189, 1238], 1049: [916, 959, 1003, 1049, 1095, 1142, 1190, 1239], 1050: [917, 960, 1004, 1050, 1096, 1143, 1191, 1240], 1051: [918, 961, 1005, 1051, 1097, 1144, 1192, 1241], 1052: [919, 962, 1006, 1052, 1098, 1145, 1193, 1242], 1053: [920, 963, 1007, 1053, 1099, 1146, 1194, 1243], 1054: [879, 921, 964, 1008, 1054, 1100, 1147, 1195], 1055: [880, 922, 965, 1009, 1055, 1101, 1148, 1196], 1093: [1093, 1140, 1188, 1237], 1138: [1090, 1091, 1137, 1138, 1185, 1186, 1234, 1235]}
{2300: [2212, 2213, 2256, 2257, 2299, 2300, 2341, 2342], 2304: [2172, 2217, 2261, 2304], 2343: [2214, 2258, 2301, 2343, 2383, 2384, 2424, 2425], 2344: [2170, 2215, 2259, 2302, 2344, 2385, 2426, 2466], 2345: [2171, 2216, 2260, 2303, 2345, 2386], 2347: [2173, 2218, 2262, 2305, 2347, 2388, 2429, 2469], 2348: [2174, 2219, 2263, 2306, 2348, 2389, 2430, 2470], 2349: [2175, 2220, 2264, 2307, 2349, 2390, 2431, 2471], 2350: [2176, 2221, 2265, 2308, 2350, 2391, 2432, 2472], 2351: [2177, 2222, 2266, 2309, 2351, 2392, 2433, 2473], 2387: [2387, 2428], 2505: [2464, 2465, 2504, 2505, 2543, 2544, 2581, 2582], 2507: [2427, 2467, 2506, 2507, 2545, 2546, 2583, 2584], 2508: [2468, 2508, 2509, 2510, 2547, 2548, 2585, 2586], 2550: [2511, 2512, 2549, 2550, 2551, 2587, 2588, 2589]}
{1577: [1467, 1468, 1521, 1522, 1576, 1577, 1631, 1632], 1579: [1469, 1470, 1523, 1524, 1578, 1579, 1634, 1688], 1630: [1519, 1520, 1574, 1575, 1629, 1630, 1684, 1737], 1635: [1471, 1525, 1580, 1581, 1635, 1636, 1689, 1742], 1839: [1683, 1736, 1788, 1789, 1839, 1889, 1939, 1988], 1841: [1685, 1738, 1790, 1840, 1841, 1890, 1891, 1941], 1842: [1686, 1739, 1791, 1842, 1892, 1942, 1990, 1991], 1843: [1633, 1687, 1740, 1792, 1843, 1893, 1943, 1992], 1844: [1741, 1793, 1794, 1844, 1894, 1944], 1846: [1690, 1743, 1795, 1846, 1896, 1897], 1994: [1895, 1945, 1993, 1994, 2041, 2042, 2088, 2089], 1995: [1946, 1947, 1995, 1996, 2043, 2044, 2090, 2091], 2037: [1940, 1989, 2036, 2037, 2083, 2084, 2129, 2130], 2039: [2038, 2039, 2040, 2085, 2086, 2087, 2131, 2132]}
{2224: [2133, 2134, 2178, 2179, 2223, 2224, 2267, 2268], 2226: [2135, 2136, 2180, 2181, 2225, 2226, 2269, 2270], 2271: [2137, 2182, 2183, 2227, 2228, 2271, 2272, 2314], 2394: [2310, 2311, 2352, 2353, 2393, 2394, 2435, 2475], 2396: [2312, 2313, 2355, 2356, 2396, 2397, 2437, 2477], 2439: [2315, 2357, 2398, 2399, 2439, 2440, 2479, 2480], 2514: [2434, 2474, 2513, 2514, 2552, 2553, 2590, 2591], 2516: [2354, 2395, 2436, 2476, 2515, 2516, 2554, 2555], 2518: [2438, 2478, 2518, 2519, 2520, 2557, 2558], 2594: [2556, 2594, 2631, 2668, 2704], 2630: [2592, 2593, 2629, 2630, 2666, 2667, 2702, 2703], 2632: [2595, 2596, 2632, 2633, 2669, 2670, 2705, 2706], 2634: [2559, 2597, 2634, 2635, 2671, 2672, 2707, 2708], 2665: [2627, 2628, 2664, 2665, 2700, 2701, 2735, 2736]}
{1917: [1865, 1866, 1867, 1868, 1916, 1917, 1918, 1966], 2061: [2014, 2061], 2104: [1914, 1963, 2011, 2058, 2104, 2149, 2194, 2238], 2105: [1915, 1964, 2012, 2059, 2105, 2150, 2195, 2239], 2106: [1965, 2013, 2060, 2106, 2151, 2196, 2240, 2283], 2108: [1967, 2015, 2062, 2108, 2153, 2198, 2242], 2109: [1869, 1919, 1968, 2016, 2063, 2109, 2154, 2199], 2110: [1870, 1920, 1969, 2017, 2064, 2110, 2155, 2200], 2111: [1871, 1921, 1970, 2018, 2065, 2111, 2156, 2201], 2112: [1872, 1922, 1971, 2019, 2066, 2112, 2157, 2202], 2152: [2152, 2197, 2241], 2286: [2243, 2244, 2286, 2287, 2328, 2329, 2369, 2370], 2288: [2245, 2246, 2288, 2289, 2330, 2331, 2371, 2372], 2324: [2281, 2282, 2322, 2323, 2324, 2363, 2364, 2365], 2326: [2284, 2285, 2325, 2326, 2327, 2366, 2367, 2368]}
{368: [316, 317, 342, 343, 368, 369, 395, 396], 393: [314, 340, 366, 393], 418: [336, 362, 389, 418, 448, 479, 510, 542], 419: [337, 363, 390, 419, 449, 480, 511, 543], 420: [338, 364, 391, 420, 450, 481, 512, 544], 421: [313, 339, 365, 392, 421, 451, 482, 513], 423: [315, 341, 367, 394, 423, 424, 453, 484], 426: [318, 344, 370, 397, 425, 426, 456, 487], 427: [319, 345, 371, 398, 427, 457, 488, 519], 428: [320, 346, 372, 399, 428, 458, 489, 520], 429: [347, 373, 400, 429, 459, 490, 521, 553], 485: [454, 455, 485, 486, 516, 517, 548, 581], 514: [452, 483, 514, 515, 545, 546, 547, 580], 550: [518, 549, 550, 551, 552, 582, 583, 584]}
{126: [109, 110, 111, 125, 126, 127, 141, 142], 140: [107, 108, 123, 124, 139, 140, 157, 158], 144: [112, 113, 128, 129, 144, 145, 162, 163], 175: [122, 138, 155, 156, 174, 175, 194, 195], 199: [160, 179, 199], 213: [192, 212, 213, 233, 234, 257, 281, 306], 214: [173, 193, 214, 215, 235, 258, 282, 307], 217: [176, 196, 216, 217, 238, 261, 285, 310], 218: [177, 197, 218, 239, 262, 286, 311], 219: [159, 178, 198, 219, 240, 263, 287, 312], 221: [143, 161, 180, 200, 221, 242, 265, 289], 222: [181, 182, 201, 222, 243, 266, 290], 241: [241, 264, 288], 260: [236, 237, 259, 260, 283, 284, 308, 309], 280: [255, 256, 278, 279, 280, 303, 304, 305]}
{12: [1, 2, 3, 6, 7, 11, 12, 19], 17: [5, 9, 10, 15, 16, 17, 18, 24], 20: [4, 8, 13, 14, 20, 21, 27, 35], 48: [37, 38, 47, 48, 59, 71, 84, 98], 49: [29, 30, 39, 49, 60, 72, 85, 99], 50: [22, 23, 31, 40, 50, 61, 73, 86], 51: [32, 41, 51, 62, 74, 87, 100, 101], 52: [25, 33, 42, 52, 63, 75, 88, 102], 53: [26, 34, 43, 44, 53, 64, 76, 89], 55: [28, 36, 45, 55, 66, 67], 58: [46, 57, 58, 69, 70, 83, 96, 97], 77: [65, 77, 90, 103, 104, 119], 81: [56, 68, 80, 81, 82, 93, 94, 95], 91: [78, 79, 91, 92, 105, 106, 120, 121]}
{977: [892, 893, 933, 934, 935, 976, 977, 978], 979: [894, 895, 936, 937, 979, 980, 1023, 1069], 981: [896, 897, 938, 939, 981, 982, 1025, 1026], 1073: [898, 940, 983, 1027, 1028, 1073, 1074, 1120], 1160: [1021, 1067, 1113, 1160], 1161: [1022, 1068, 1114, 1115, 1161, 1162, 1209, 1258], 1207: [1020, 1066, 1112, 1159, 1207, 1256, 1306, 1357], 1211: [1024, 1070, 1116, 1163, 1210, 1211, 1260, 1310], 1212: [1071, 1117, 1164, 1212, 1261, 1311, 1362, 1414], 1213: [1072, 1118, 1165, 1213, 1262, 1312, 1363, 1415], 1214: [1119, 1166, 1167, 1214, 1263, 1313, 1364, 1416], 1307: [1257, 1307, 1308, 1358, 1359, 1409, 1410, 1411], 1314: [1215, 1264, 1314, 1315, 1365, 1366, 1417, 1418], 1360: [1259, 1309, 1360, 1361, 1412, 1413, 1465, 1466]}
{2659: [2620, 2621, 2622, 2623, 2657, 2658, 2659, 2660], 2692: [2618, 2619, 2655, 2656, 2691, 2692, 2726, 2727], 2697: [2624, 2625, 2661, 2662, 2696, 2697, 2698, 2732], 2768: [2626, 2663, 2699, 2733, 2734, 2767, 2768, 2801], 2797: [2695, 2730, 2764, 2797], 2826: [2760, 2761, 2794, 2826, 2858, 2889, 2919, 2948], 2827: [2693, 2728, 2762, 2795, 2827, 2859, 2890, 2920], 2828: [2694, 2729, 2763, 2796, 2828, 2860, 2891, 2921], 2830: [2731, 2765, 2798, 2830, 2861, 2862, 2893, 2923], 2831: [2766, 2799, 2800, 2831, 2863, 2894, 2924, 2953], 2951: [2892, 2922, 2951, 2952, 2978, 3004, 3025, 3041], 2977: [2949, 2950, 2975, 2976, 2977, 3003, 3024, 3040], 3005: [2979, 2980, 3005, 3006, 3026, 3027, 3042, 3043], 3023: [3001, 3002, 3022, 3023, 3038, 3039, 3049, 3050]}
{2498: [2377, 2418, 2458, 2498], 2533: [2373, 2414, 2454, 2494, 2533, 2571, 2608, 2645], 2534: [2374, 2415, 2455, 2495, 2534, 2572, 2609, 2646], 2535: [2375, 2416, 2456, 2496, 2535, 2573, 2610, 2647], 2536: [2376, 2417, 2457, 2497, 2536, 2574, 2611, 2648], 2538: [2378, 2419, 2459, 2499, 2538, 2575, 2576, 2613], 2539: [2379, 2420, 2460, 2500, 2539, 2577, 2614, 2651], 2540: [2380, 2421, 2461, 2501, 2540, 2578, 2615, 2652], 2541: [2381, 2422, 2462, 2502, 2541, 2579, 2616, 2653], 2542: [2382, 2423, 2463, 2503, 2542, 2580, 2617, 2654], 2683: [2681, 2682, 2683, 2716, 2717, 2718, 2751, 2752], 2685: [2612, 2649, 2684, 2685, 2719, 2720, 2753, 2754], 2686: [2650, 2686, 2687, 2688, 2721, 2722, 2755, 2756], 2724: [2689, 2690, 2723, 2724, 2725, 2757, 2758, 2759]}
{431: [401, 402, 403, 430, 431, 432, 460, 461], 464: [405, 406, 434, 435, 464, 465, 495, 496], 525: [404, 433, 463, 494, 525, 526, 527, 558], 587: [491, 522, 554, 585, 586, 587, 622, 658], 588: [492, 523, 555, 588], 589: [462, 493, 524, 556, 557, 589, 624, 660], 625: [590, 591, 625, 626, 661, 662, 697, 698], 627: [559, 592, 593, 627, 628, 663, 664, 699], 657: [620, 621, 656, 657, 692, 693, 729, 730], 695: [659, 694, 695, 696, 732, 770, 810, 851], 769: [731, 768, 769, 808, 809, 849, 850, 891], 771: [733, 734, 771, 772, 811, 812, 852, 853], 773: [735, 736, 773, 774, 813, 814, 854, 855], 775: [700, 737, 775, 776, 815, 816, 856, 857]}
{968: [883, 884, 925, 926, 968, 969, 1012, 1013], 1056: [881, 923, 966, 1010, 1056, 1102, 1149, 1197], 1057: [882, 924, 967, 1011, 1057, 1103, 1150, 1198], 1060: [885, 927, 970, 1014, 1059, 1060, 1106, 1153], 1061: [886, 928, 971, 1015, 1061, 1107, 1154, 1202], 1062: [887, 929, 972, 1016, 1062, 1108, 1155, 1203], 1063: [888, 930, 973, 1017, 1063, 1109, 1156, 1204], 1064: [889, 931, 974, 1018, 1064, 1110, 1157, 1205], 1065: [890, 932, 975, 1019, 1065, 1111, 1158, 1206], 1104: [1104, 1105, 1151, 1199], 1200: [1152, 1200, 1201, 1249, 1250, 1299, 1300, 1351], 1253: [1252, 1253, 1254, 1302, 1303, 1354, 1406, 1459], 1304: [1255, 1304, 1305, 1355, 1356, 1407, 1408, 1460], 1352: [1251, 1301, 1352, 1353, 1404, 1405, 1457, 1458]}
{147: [114, 115, 130, 131, 146, 147, 165, 184], 149: [116, 117, 132, 133, 148, 149, 150, 167], 151: [118, 134, 135, 136, 151, 152, 169, 188], 210: [137, 153, 154, 171, 190, 210, 231, 252], 224: [164, 183, 202, 203, 223, 224, 244, 245], 226: [166, 185, 204, 205, 226, 247, 270, 294], 227: [186, 206, 227, 248, 271, 295], 228: [168, 187, 207, 228, 249, 272], 230: [170, 189, 208, 209, 230, 251, 274, 275], 232: [172, 191, 211, 232, 253, 254, 276, 277], 269: [225, 246, 267, 268, 269, 291, 292, 293], 297: [250, 273, 296, 297, 321, 322, 348, 374], 323: [298, 299, 323, 324, 349, 350, 375, 376], 325: [300, 301, 325, 326, 351, 352, 377, 378]}
{1571: [1461, 1462, 1515, 1516, 1570, 1571, 1625, 1626], 1572: [1463, 1464, 1517, 1518, 1572, 1573, 1627, 1681], 1622: [1511, 1512, 1566, 1567, 1621, 1622, 1676, 1729], 1624: [1513, 1514, 1568, 1569, 1623, 1624, 1678, 1731], 1785: [1680, 1733, 1734, 1785, 1786], 1831: [1675, 1728, 1780, 1831, 1832, 1881, 1931, 1980], 1833: [1677, 1730, 1781, 1782, 1833, 1883, 1933, 1982], 1835: [1679, 1732, 1783, 1784, 1834, 1835, 1884, 1885], 1838: [1628, 1682, 1735, 1787, 1837, 1838, 1888, 1938], 1936: [1886, 1887, 1936, 1937, 1985, 2033, 2080, 2126], 1981: [1882, 1932, 1981, 2028, 2029, 2076, 2122, 2167], 1984: [1934, 1935, 1983, 1984, 2032, 2079, 2125], 2034: [1986, 1987, 2034, 2035, 2081, 2082, 2127, 2128], 2078: [2030, 2031, 2077, 2078, 2123, 2124, 2168, 2169]}
{685: [578, 613, 649, 685], 715: [641, 642, 677, 678, 714, 715, 752, 753], 717: [643, 644, 680, 717, 755, 795, 836], 718: [574, 609, 645, 681, 718, 756, 796, 837], 719: [575, 610, 646, 682, 719, 757, 797, 838], 720: [576, 611, 647, 683, 720, 758, 798, 839], 721: [577, 612, 648, 684, 721, 759, 799, 840], 723: [579, 614, 650, 686, 723, 761, 801, 842], 724: [615, 651, 687, 724, 762, 802, 843], 725: [616, 652, 688, 725, 763, 803, 844], 726: [617, 618, 653, 689, 726, 764, 804, 845], 727: [619, 654, 655, 690, 727, 765, 805, 846], 754: [679, 716, 754, 792, 793, 794, 834, 835], 760: [760, 800, 841], 766: [691, 728, 766, 767, 806, 807, 847, 848]}
{2848: [2750, 2783, 2784, 2815, 2816, 2847, 2848, 2879], 2883: [2788, 2820, 2852, 2883], 2908: [2845, 2846, 2876, 2877, 2878, 2907, 2908, 2937], 2910: [2785, 2817, 2849, 2880, 2909, 2910, 2938, 2939], 2911: [2818, 2850, 2881, 2911, 2940, 2966, 2967, 2993], 2912: [2786, 2787, 2819, 2851, 2882, 2912, 2941, 2968], 2914: [2789, 2821, 2853, 2884, 2914, 2943, 2970, 2996], 2915: [2790, 2822, 2854, 2885, 2915, 2944, 2971, 2997], 2916: [2791, 2823, 2855, 2886, 2916, 2945, 2972, 2998], 2917: [2792, 2824, 2856, 2887, 2917, 2946, 2973, 2999], 2918: [2793, 2825, 2857, 2888, 2918, 2947, 2974, 3000], 2995: [2942, 2969, 2994, 2995, 3015, 3016, 3017, 3032], 3020: [3019, 3020, 3021, 3035, 3036, 3037, 3047, 3048], 3034: [3018, 3033, 3034, 3044, 3045, 3046, 3051, 3052]}
{631: [560, 595, 596, 631, 632, 667, 668], 638: [602, 603, 604, 638, 639, 640, 674, 711], 669: [597, 598, 633, 634, 669, 670, 706, 744], 703: [594, 630, 666, 703], 739: [701, 738, 739, 779, 820, 861], 740: [629, 665, 702, 740, 780, 821, 862], 742: [704, 705, 742, 743, 782, 823, 864, 906], 746: [599, 635, 671, 708, 746, 786, 827, 868], 747: [600, 636, 672, 709, 747, 787, 828, 869], 748: [601, 637, 673, 710, 748, 749, 788, 789], 750: [675, 676, 712, 713, 750, 751, 790, 791], 781: [781, 822, 863, 905], 785: [707, 745, 785, 826, 867, 909, 910, 911], 819: [777, 778, 817, 818, 819, 858, 859, 860], 824: [783, 784, 824, 825, 865, 866, 907, 908]}
{1876: [1774, 1775, 1825, 1826, 1875, 1876, 1925, 1926], 1877: [1776, 1777, 1827, 1828, 1877, 1878, 1927, 1928], 1879: [1778, 1779, 1829, 1830, 1879, 1880, 1929, 1930], 1924: [1773, 1824, 1873, 1874, 1923, 1924, 1972, 1973], 2071: [1976, 2024, 2071], 2113: [2020, 2067, 2113, 2158, 2203, 2247, 2290, 2332], 2114: [2021, 2068, 2114, 2159, 2204, 2248, 2291, 2333], 2115: [1974, 2022, 2069, 2115, 2160, 2205, 2249, 2292], 2116: [1975, 2023, 2070, 2116, 2161, 2206, 2250], 2118: [1977, 2025, 2072, 2118, 2163, 2208, 2252], 2119: [1978, 2026, 2073, 2119, 2164, 2209, 2253, 2296], 2120: [1979, 2027, 2074, 2075, 2120, 2121, 2165, 2166], 2162: [2162, 2207, 2251], 2254: [2210, 2211, 2254, 2255, 2297, 2298, 2339, 2340], 2294: [2293, 2294, 2295, 2334, 2335, 2336, 2337, 2338]}
{1037: [904, 947, 991, 1037], 1076: [984, 1029, 1030, 1075, 1076, 1123, 1171], 1077: [941, 985, 1031, 1077, 1124, 1172, 1221], 1078: [899, 942, 986, 1032, 1078, 1125, 1173, 1222], 1079: [900, 943, 987, 1033, 1079, 1126, 1174, 1223], 1080: [901, 944, 988, 1034, 1080, 1127, 1175, 1224], 1081: [902, 945, 989, 1035, 1081, 1128, 1176, 1225], 1082: [903, 946, 990, 1036, 1082, 1129, 1177, 1226], 1084: [948, 992, 1038, 1084, 1131, 1179, 1228], 1085: [949, 993, 1039, 1085, 1132, 1180, 1229, 1279], 1086: [950, 994, 1040, 1086, 1133, 1181, 1230, 1280], 1087: [951, 995, 1041, 1087, 1134, 1182, 1231, 1281], 1088: [952, 996, 1042, 1088, 1135, 1183, 1232, 1282], 1089: [953, 997, 1043, 1089, 1136, 1184, 1233, 1283], 1130: [1130, 1178, 1227]}
{2483: [2441, 2442, 2443, 2481, 2482, 2483, 2521, 2522], 2527: [2408, 2448, 2488, 2527], 2561: [2404, 2444, 2484, 2523, 2560, 2561, 2598], 2562: [2405, 2445, 2485, 2524, 2562, 2599, 2636], 2563: [2406, 2446, 2486, 2525, 2563, 2600, 2637, 2673], 2564: [2407, 2447, 2487, 2526, 2564, 2601, 2638, 2674], 2566: [2409, 2449, 2489, 2528, 2566, 2603, 2640, 2676], 2567: [2410, 2450, 2490, 2529, 2567, 2604, 2641, 2677], 2568: [2411, 2451, 2491, 2530, 2568, 2605, 2642, 2678], 2569: [2412, 2452, 2492, 2531, 2569, 2606, 2643, 2679], 2570: [2413, 2453, 2493, 2532, 2570, 2607, 2644, 2680], 2602: [2602, 2639], 2710: [2675, 2709, 2710, 2711, 2712, 2744, 2745, 2778], 2746: [2713, 2746, 2747, 2779, 2780, 2811, 2812, 2844], 2748: [2714, 2715, 2748, 2749, 2781, 2782, 2813, 2814]}
{1339: [1287, 1288, 1289, 1338, 1339, 1340, 1391, 1392], 1387: [1284, 1285, 1334, 1335, 1336, 1386, 1387, 1440], 1438: [1332, 1333, 1384, 1385, 1436, 1437, 1438, 1492], 1442: [1286, 1337, 1388, 1389, 1390, 1442, 1496, 1551], 1600: [1490, 1545, 1600, 1654, 1707, 1759, 1810, 1860], 1601: [1491, 1546, 1601, 1655, 1708, 1760, 1811, 1861], 1603: [1439, 1493, 1547, 1548, 1602, 1603, 1656, 1657], 1604: [1494, 1549, 1604, 1658, 1711, 1763, 1814, 1864], 1605: [1441, 1495, 1550, 1605, 1659, 1712, 1764, 1815], 1607: [1443, 1497, 1552, 1607, 1661, 1714, 1766, 1817], 1608: [1444, 1498, 1553, 1608, 1662, 1715, 1767, 1818], 1609: [1445, 1499, 1554, 1609, 1663, 1716, 1768, 1819], 1660: [1660, 1713, 1765, 1816], 1762: [1709, 1710, 1761, 1762, 1812, 1813, 1862, 1863]}
