The optimal value is 206158.6060
Service ways: {17, 27, 7}
Inverters: 458 178 842 507 140 520 820 161 863
Cable routing:
{319: [315, 316, 317, 318, 319, 320, 321, 322], 353: [348, 349, 350, 351, 352, 353, 354, 355], 358: [323, 324, 325, 326, 357, 358, 359, 360], 391: [356, 389, 390, 391, 392, 393, 394, 395], 420: [383, 384, 385, 386, 418, 419, 420, 421], 423: [387, 388, 422, 423, 424, 425, 426], 457: [454, 455, 456, 457], 459: [459, 460, 461], 463: [427, 428, 429, 430, 462, 463, 464, 465], 490: [453, 489, 490, 491, 525, 526, 561, 562], 495: [492, 493, 494, 495, 496, 497], 499: [498, 499, 500, 501, 502, 535, 536, 537], 531: [527, 528, 529, 530, 531, 532, 533, 534], 567: [563, 564, 565, 566, 567, 568, 569, 605], 571: [570, 571, 572, 573, 606, 607, 608, 609]}
{43: [10, 11, 24, 25, 26, 42, 43, 44], 66: [45, 46, 63, 64, 65, 66, 67, 68], 90: [87, 88, 89, 90, 91, 92, 93, 94], 118: [115, 116, 117, 118, 119, 120, 121, 122], 148: [145, 146, 147, 148, 149, 150, 151, 152], 177: [175, 176, 177], 179: [179, 180, 181], 183: [123, 153, 182, 183, 184, 214, 215, 216], 210: [207, 208, 209, 210, 211, 212, 213], 242: [239, 240, 241, 242, 243, 244, 245], 246: [246, 247, 248, 278, 279, 280, 281, 311], 274: [270, 271, 272, 273, 274, 275, 276, 277], 307: [303, 304, 305, 306, 307, 308, 309, 310], 312: [312, 313, 314, 343, 344, 345, 346, 347], 340: [335, 336, 337, 338, 339, 340, 341, 342]}
{699: [695, 696, 697, 698, 699, 700, 701, 702], 734: [729, 730, 731, 732, 733, 734, 735, 736], 739: [703, 704, 705, 737, 738, 739, 740, 741], 771: [768, 769, 770, 771, 772, 773, 774, 808], 804: [765, 766, 767, 802, 803, 804, 805, 806], 812: [775, 776, 777, 810, 811, 812, 813, 814], 841: [807, 837, 838, 839, 840, 841], 843: [809, 843, 844, 873, 874, 875], 846: [845, 846, 847, 848, 876, 877, 878, 905], 871: [868, 869, 870, 871, 872, 897, 898, 899], 902: [900, 901, 902, 903, 904, 926, 927, 928], 923: [921, 922, 923, 924, 925, 941, 942, 943], 945: [944, 945, 946, 947, 961, 962, 963, 964], 960: [958, 959, 960, 972, 973, 974, 975, 980]}
{331: [327, 328, 329, 330, 331, 332, 333, 334], 365: [361, 362, 363, 364, 365, 366, 367, 368], 400: [396, 397, 398, 399, 400, 401, 402, 403], 435: [431, 432, 433, 434, 435, 436, 437, 438], 439: [369, 370, 404, 405, 439, 440, 474, 475], 470: [466, 467, 468, 469, 470, 471, 472, 473], 506: [503, 504, 505, 506], 510: [508, 509, 510, 511, 512, 546, 547, 548], 543: [538, 539, 540, 541, 542, 543, 544, 545], 575: [574, 575, 576, 610, 611, 612, 647, 648], 579: [577, 578, 579, 580, 581, 582, 583, 584], 615: [613, 614, 615, 616, 617, 618, 619, 620], 652: [649, 650, 651, 652, 653, 688, 689, 690], 655: [654, 655, 656, 657, 691, 692, 693, 694]}
{5: [2, 3, 4, 5, 6, 7, 8, 9], 19: [16, 17, 18, 19, 20, 21, 22, 23], 37: [34, 35, 36, 37, 38, 39, 40, 41], 54: [1, 14, 15, 32, 33, 53, 54, 78], 58: [55, 56, 57, 58, 59, 60, 61, 62], 82: [79, 80, 81, 82, 83, 84, 85, 86], 110: [106, 107, 108, 109, 110, 111, 112, 113], 139: [136, 137, 138, 139], 142: [114, 141, 142, 143, 144, 172, 173, 174], 169: [166, 167, 168, 169, 170, 171, 198, 230], 202: [199, 200, 201, 202, 203, 204, 205, 206], 234: [231, 232, 233, 234, 235, 236, 237, 238], 266: [262, 263, 264, 265, 266, 267, 268, 269], 299: [295, 296, 297, 298, 299, 300, 301, 302]}
{378: [375, 376, 377, 378, 379, 380, 381, 382], 408: [371, 372, 373, 374, 406, 407, 408, 409], 413: [410, 411, 412, 413, 414, 415, 416, 417], 448: [445, 446, 447, 448, 449, 450, 451, 452], 478: [441, 442, 443, 444, 476, 477, 478, 479], 483: [481, 482, 483, 484, 485, 486, 487, 488], 517: [480, 513, 514, 515, 516, 517, 518, 519], 521: [521, 522, 523, 524], 551: [549, 550, 551, 552, 585, 586, 587, 588], 556: [553, 554, 555, 556, 557, 558, 559, 560], 592: [589, 590, 591, 592, 593, 594, 595, 596], 623: [621, 622, 623, 624, 658, 659, 660, 661], 628: [625, 626, 627, 628, 629, 630, 631, 632], 665: [662, 663, 664, 665, 666, 667, 668, 669]}
{636: [597, 598, 599, 633, 634, 635, 636, 637], 640: [602, 603, 604, 639, 640, 641, 642, 643], 675: [600, 601, 638, 672, 673, 674, 675, 676], 681: [644, 645, 646, 679, 680, 681, 682, 683], 709: [670, 671, 706, 707, 708, 709, 710, 745], 713: [677, 678, 711, 712, 713, 714, 715, 716], 749: [746, 747, 748, 749, 750, 751], 753: [717, 718, 719, 752, 753, 754, 755, 790], 781: [742, 743, 744, 778, 779, 780, 781, 782], 786: [783, 784, 785, 786, 787, 788, 789], 818: [815, 816, 817, 818, 819, 849], 821: [821, 822, 823], 825: [791, 792, 824, 825, 826, 855, 856, 857], 851: [850, 851, 852, 853, 854, 879], 882: [880, 881, 882, 883, 884, 906, 907, 908]}
{29: [12, 13, 27, 28, 29, 30, 31, 50], 73: [47, 48, 49, 71, 72, 73, 74, 75], 98: [69, 70, 95, 96, 97, 98, 99, 100], 103: [51, 52, 76, 77, 102, 103, 104, 105], 131: [101, 129, 130, 131, 132, 133, 134, 135], 155: [124, 125, 154, 155, 156, 185, 186, 187], 158: [126, 127, 128, 157, 158, 159, 160, 189], 162: [162, 163, 164, 165], 193: [190, 191, 192, 193, 194, 195, 196, 197], 221: [188, 217, 218, 219, 220, 221, 253, 286], 225: [222, 223, 224, 225, 226, 227, 228, 229], 251: [249, 250, 251, 252, 282, 283, 284, 285], 257: [254, 255, 256, 257, 258, 259, 260, 261], 290: [287, 288, 289, 290, 291, 292, 293, 294]}
{725: [686, 687, 723, 724, 725, 726, 727, 728], 757: [684, 685, 720, 721, 722, 756, 757, 758], 761: [759, 760, 761, 762, 763, 764, 797, 798], 829: [793, 794, 795, 796, 827, 828, 829, 830], 833: [799, 800, 801, 832, 833, 834, 835, 836], 862: [831, 858, 859, 860, 861, 862, 890, 891], 864: [864, 865, 866, 867], 887: [885, 886, 887, 888, 889, 909, 910, 911], 894: [892, 893, 894, 895, 896, 918, 919, 920], 915: [912, 913, 914, 915, 916, 917, 934, 935], 932: [929, 930, 931, 932, 933, 948, 949, 950], 938: [936, 937, 938, 939, 940, 955, 956, 957], 952: [951, 952, 953, 954, 965, 966, 967, 968], 969: [969, 970, 971, 976, 977, 978, 979, 981]}
