The optimal value is 143653.3301
Service ways: {8, 17, 26}
Inverters: 299 110 347 559 550 83
Cable routing:
{187: [163, 164, 183, 184, 185, 186, 187, 188], 190: [165, 166, 167, 168, 189, 190, 191, 192], 213: [210, 211, 212, 213, 214, 215, 216, 217], 236: [208, 209, 234, 235, 236, 237, 264, 265], 240: [238, 239, 240, 241, 242, 243, 244, 245], 269: [267, 268, 269, 270, 271, 272], 296: [263, 266, 293, 294, 295, 296, 297, 298], 303: [273, 274, 301, 302, 303, 304, 334, 335], 326: [324, 325, 326, 327, 328, 356, 357, 358], 330: [300, 329, 330, 331, 332, 333], 362: [359, 360, 361, 362, 363, 391, 392, 393], 365: [364, 365, 366, 367, 394, 395, 396, 397], 388: [386, 387, 388, 389, 390, 415, 416, 417], 421: [418, 419, 420, 421, 422, 423, 424, 425]}
{57: [30, 31, 42, 43, 44, 56, 57, 58], 75: [59, 60, 72, 73, 74, 75, 76, 77], 92: [89, 90, 91, 92, 93, 94], 109: [107, 108, 109], 112: [95, 111, 112, 113, 114, 115], 130: [127, 128, 129, 130, 131, 132], 134: [133, 134, 135, 136, 155, 156, 157, 177], 151: [148, 149, 150, 151, 152, 153, 154], 173: [169, 170, 171, 172, 173, 174, 175, 176], 197: [193, 194, 195, 196, 197, 198, 199, 200], 202: [178, 179, 201, 202, 203, 226, 227, 254], 222: [218, 219, 220, 221, 222, 223, 224, 225], 249: [246, 247, 248, 249, 250, 251, 252, 253], 278: [276, 277, 278, 279, 280, 281, 282, 283], 308: [275, 305, 306, 307, 308, 309, 310, 311]}
{205: [158, 180, 181, 182, 204, 205, 206, 207], 230: [228, 229, 230, 231, 232, 233, 255, 258], 286: [256, 257, 259, 284, 285, 286, 287, 288], 290: [260, 261, 262, 289, 290, 291, 292, 320], 316: [312, 313, 314, 315, 316, 317, 318, 319], 346: [343, 344, 345, 346], 348: [348, 349, 350], 352: [321, 322, 323, 351, 352, 353, 354, 355], 379: [375, 376, 377, 378, 379, 380], 383: [381, 382, 383, 384, 385, 413, 414, 442], 409: [405, 406, 407, 408, 409, 410, 411, 412], 438: [434, 435, 436, 437, 438, 439, 440, 441], 466: [462, 463, 464, 465, 466, 467, 468], 493: [489, 490, 491, 492, 493, 494, 518, 519], 517: [515, 516, 517, 540, 541, 542, 543, 565]}
{370: [336, 337, 338, 339, 368, 369, 370, 371], 373: [340, 341, 342, 372, 373, 374, 403, 404], 429: [398, 399, 400, 401, 427, 428, 429, 430], 459: [402, 431, 432, 433, 458, 459, 460, 461], 481: [426, 453, 454, 455, 480, 481, 482, 506], 484: [456, 457, 483, 484, 485, 486, 487, 488], 510: [507, 508, 509, 510, 511, 512, 513, 514], 535: [531, 532, 533, 534, 535, 536, 537, 538], 558: [555, 556, 557, 558], 562: [539, 560, 561, 562, 563, 564, 585, 586], 581: [577, 578, 579, 580, 581, 582, 583, 584], 602: [599, 600, 601, 602, 603, 604, 605, 606], 619: [598, 618, 619, 637, 638, 639, 653, 654], 622: [620, 621, 622, 623, 624, 625, 640, 641]}
{448: [445, 446, 447, 448, 449, 450, 451, 452], 475: [472, 473, 474, 475, 476, 477, 478, 479], 497: [443, 444, 469, 470, 471, 495, 496, 497], 501: [498, 499, 500, 501, 502, 503, 504, 505], 526: [523, 524, 525, 526, 527, 528, 529, 530], 546: [520, 521, 522, 544, 545, 546, 547, 548], 551: [551, 552, 553, 554], 568: [566, 567, 568, 569, 587, 588, 589, 609], 572: [549, 570, 571, 572, 573, 574, 575, 576], 593: [590, 591, 592, 593, 594, 595, 596, 597], 613: [610, 611, 612, 613, 614, 615, 616, 617], 627: [607, 608, 626, 627, 628, 642, 643, 644], 632: [629, 630, 631, 632, 633, 634, 635, 636], 648: [645, 646, 647, 648, 649, 650, 651, 652]}
{8: [2, 3, 4, 5, 7, 8, 9, 10], 15: [1, 6, 12, 13, 14, 15, 16, 17], 27: [11, 18, 19, 20, 26, 27, 28, 29], 36: [22, 23, 24, 25, 34, 35, 36, 37], 47: [21, 32, 33, 45, 46, 47, 48, 49], 53: [38, 39, 40, 41, 52, 53, 54, 55], 66: [50, 51, 64, 65, 66, 67, 68, 69], 80: [61, 62, 63, 78, 79, 80, 81, 82], 84: [84, 85, 102, 103], 87: [70, 71, 86, 87, 88, 104, 105, 106], 98: [96, 97, 98, 99, 100, 116, 117, 118], 121: [101, 119, 120, 121, 122, 141, 142, 143], 124: [123, 124, 125, 126, 144, 145, 146, 147], 139: [137, 138, 139, 140, 159, 160, 161, 162]}
