The optimal value is 225549.5067
Service ways: {24, 33, 5, 14}
Inverters: 569 945 932 311 921 612 324 100 109 623
Cable routing:
{446: [443, 444, 445, 446, 447, 448, 449, 450], 476: [472, 473, 474, 475, 476, 477, 478, 479], 507: [503, 504, 505, 506, 507, 508, 509, 510], 512: [451, 452, 480, 481, 482, 511, 512, 513], 538: [534, 535, 536, 537, 538, 539, 540, 541], 568: [565, 566, 567, 568], 573: [542, 543, 544, 571, 572, 573, 574, 575], 601: [570, 597, 598, 599, 600, 601, 602, 603], 605: [604, 605, 606, 607, 637, 638, 639, 673], 634: [629, 630, 631, 632, 633, 634, 635, 636], 665: [663, 664, 665, 666, 697, 698, 699, 700], 668: [667, 668, 669, 670, 671, 672, 701, 702], 705: [703, 704, 705, 706, 707, 740, 741, 742], 737: [732, 733, 734, 735, 736, 737, 738, 739]}
{797: [794, 795, 796, 797, 798, 799, 800, 801], 828: [790, 791, 792, 793, 826, 827, 828, 829], 833: [831, 832, 833, 834, 835, 836, 837, 838], 867: [830, 863, 864, 865, 866, 867, 868, 869], 907: [870, 871, 904, 905, 906, 907, 908, 909], 910: [872, 873, 874, 875, 910, 911, 912, 913], 940: [900, 901, 902, 938, 939, 940, 977, 978], 943: [903, 941, 942, 943, 944, 979], 947: [946, 947, 948, 949, 950, 951], 983: [980, 981, 982, 983, 984, 1022, 1023, 1024], 986: [985, 986, 987, 988, 989, 990, 1025, 1026], 1019: [1017, 1018, 1019, 1020, 1021, 1056, 1057, 1058], 1028: [1027, 1028, 1029, 1030, 1067, 1068, 1069, 1070], 1062: [1059, 1060, 1061, 1062, 1063, 1064, 1065, 1066]}
{787: [752, 753, 754, 785, 786, 787, 788, 789], 816: [778, 779, 780, 781, 814, 815, 816, 817], 820: [782, 783, 784, 818, 819, 820, 821, 822], 860: [823, 824, 825, 858, 859, 860, 861, 862], 890: [851, 852, 853, 854, 888, 889, 890, 891], 894: [855, 856, 857, 892, 893, 894, 895, 896], 930: [927, 928, 929, 930, 931], 935: [897, 898, 899, 933, 934, 935, 936, 937], 969: [965, 966, 967, 968, 969, 970, 971], 974: [972, 973, 974, 975, 976, 1014, 1015, 1016], 1007: [1005, 1006, 1007, 1008, 1044, 1045, 1046, 1047], 1010: [1009, 1010, 1011, 1012, 1013, 1048, 1049, 1050], 1052: [1051, 1052, 1053, 1054, 1055, 1088, 1089, 1090], 1085: [1080, 1081, 1082, 1083, 1084, 1085, 1086, 1087]}
{235: [232, 233, 234, 235, 236, 237, 238, 260], 256: [205, 229, 230, 231, 254, 255, 256, 257], 264: [239, 240, 241, 262, 263, 264, 265, 266], 283: [258, 259, 279, 280, 281, 282, 283, 284], 286: [261, 285, 286, 287, 288, 289, 290, 312], 309: [305, 306, 307, 308, 309, 310], 315: [291, 313, 314, 315, 316, 317, 342, 343], 333: [331, 332, 333, 334, 335, 358, 359, 360], 338: [336, 337, 338, 339, 340, 341], 365: [361, 362, 363, 364, 365, 366, 367, 368], 370: [344, 369, 370, 371, 398, 399, 426, 427], 388: [386, 387, 388, 389, 414, 415, 416, 417], 393: [390, 391, 392, 393, 394, 395, 396, 397], 421: [418, 419, 420, 421, 422, 423, 424, 425]}
{773: [770, 771, 772, 773, 774, 775, 776, 777], 804: [767, 768, 769, 802, 803, 804, 805, 841], 809: [806, 807, 808, 809, 810, 811, 812, 813], 846: [843, 844, 845, 846, 847, 848, 849, 850], 879: [839, 840, 842, 876, 877, 878, 879, 880], 883: [881, 882, 883, 884, 885, 886], 918: [914, 915, 916, 917, 918, 919, 920, 956], 924: [887, 922, 923, 924, 925, 926, 963, 964], 954: [952, 953, 954, 955, 991, 992, 993, 994], 959: [957, 958, 959, 960, 961, 962], 999: [995, 996, 997, 998, 999, 1000, 1038, 1039], 1002: [1001, 1002, 1003, 1004, 1040, 1041, 1042, 1043], 1035: [1031, 1032, 1033, 1034, 1035, 1036, 1037, 1071], 1074: [1072, 1073, 1074, 1075, 1076, 1077, 1078, 1079]}
{457: [453, 454, 455, 456, 457, 458, 459, 460], 487: [483, 484, 485, 486, 487, 488, 489, 490], 518: [514, 515, 516, 517, 518, 519, 520, 521], 522: [461, 462, 491, 492, 522, 523, 524, 553], 549: [545, 546, 547, 548, 549, 550, 551, 552], 580: [577, 578, 579, 580, 581, 582, 583, 584], 609: [576, 608, 609, 610, 611, 640, 641, 642], 613: [613, 614, 615, 616], 617: [554, 555, 585, 586, 617, 618, 650, 651], 645: [643, 644, 645, 646, 647, 648, 679, 680], 676: [674, 675, 676, 677, 678, 708, 709, 710], 683: [649, 681, 682, 683, 684, 685, 718, 719], 713: [711, 712, 713, 714, 715, 716, 717, 751], 748: [743, 744, 745, 746, 747, 748, 749, 750]}
{224: [221, 222, 223, 224, 225, 226, 227, 228], 248: [246, 247, 248, 249, 250, 251, 252, 253], 269: [220, 242, 243, 244, 245, 267, 268, 269], 273: [270, 271, 272, 273, 274, 275, 276, 277], 298: [295, 296, 297, 298, 299, 300, 301, 302], 319: [292, 293, 294, 318, 319, 320, 345, 346], 323: [321, 322, 323], 325: [325, 326, 327], 329: [278, 303, 304, 328, 329, 330, 356, 357], 351: [348, 349, 350, 351, 352, 353, 354, 355], 374: [347, 372, 373, 374, 375, 400, 401, 402], 378: [376, 377, 378, 379, 380, 381], 383: [382, 383, 384, 385, 410, 411, 412, 413], 406: [403, 404, 405, 406, 407, 408, 409, 436], 433: [428, 429, 430, 431, 432, 433, 434, 435]}
{4: [1, 2, 3, 4, 5, 6, 7, 8], 22: [19, 20, 21, 22, 23, 24, 25, 26], 40: [37, 38, 39, 40, 41, 42, 43, 44], 59: [57, 58, 59, 60, 61, 62, 63, 79], 76: [18, 36, 55, 56, 74, 75, 76, 77], 99: [78, 96, 97, 98, 99], 102: [80, 81, 82, 83, 101, 102, 103, 104], 118: [95, 116, 117, 118, 119, 139, 140, 162], 122: [120, 121, 122, 123, 124, 125, 126], 144: [141, 142, 143, 144, 145, 146, 147, 148], 166: [163, 164, 165, 166, 167, 168, 169, 170], 183: [160, 161, 182, 183, 184, 206, 207, 208], 188: [185, 186, 187, 188, 189, 190, 191, 192], 212: [209, 210, 211, 212, 213, 214, 215, 216]}
{13: [9, 10, 11, 12, 13, 14, 15, 16], 31: [27, 28, 29, 30, 31, 32, 33, 34], 49: [45, 46, 47, 48, 49, 50, 51, 52], 68: [64, 65, 66, 67, 68, 69, 70], 72: [17, 35, 53, 54, 71, 72, 73, 92], 88: [84, 85, 86, 87, 88, 89, 90, 91], 108: [105, 106, 107, 108], 110: [110, 111, 112], 114: [93, 94, 113, 114, 115, 136, 137, 138], 131: [127, 128, 129, 130, 131, 132, 133, 134], 153: [149, 150, 151, 152, 153, 154, 155], 157: [135, 156, 157, 158, 159, 179, 180, 181], 175: [171, 172, 173, 174, 175, 176, 177], 195: [193, 194, 195, 196, 197, 217, 218, 219], 200: [178, 198, 199, 200, 201, 202, 203, 204]}
{468: [437, 438, 439, 440, 466, 467, 468, 469], 495: [463, 464, 465, 493, 494, 495, 496, 497], 500: [441, 442, 470, 471, 499, 500, 501, 502], 529: [498, 525, 526, 527, 528, 529, 530, 531], 560: [556, 557, 558, 559, 560, 561, 562, 591], 594: [532, 533, 563, 564, 593, 594, 595, 596], 621: [587, 588, 589, 590, 619, 620, 621, 622], 624: [592, 624, 625, 626, 627], 656: [652, 653, 654, 655, 656, 657, 658], 660: [628, 659, 660, 661, 662, 694, 695, 696], 690: [686, 687, 688, 689, 690, 691, 692, 693], 724: [720, 721, 722, 723, 724, 725, 726, 727], 729: [728, 729, 730, 731, 763, 764, 765, 766], 759: [755, 756, 757, 758, 759, 760, 761, 762]}
