The optimal value is 266101.7385
Service ways: {19, 29, 38, 7}
Inverters: 627 212 183 679 1161 170 688 656 970 224 1009
Cable routing:
{380: [343, 344, 345, 378, 379, 380, 381, 382], 414: [374, 375, 376, 377, 412, 413, 414, 415], 456: [416, 417, 452, 453, 454, 455, 456, 457], 459: [418, 419, 420, 458, 459, 460, 461, 462], 499: [496, 497, 498, 499, 500, 501, 502, 503], 537: [493, 494, 495, 535, 536, 537, 538, 581], 541: [539, 540, 541, 542, 543, 544, 545], 585: [582, 583, 584, 585, 586, 587, 588, 589], 622: [579, 580, 621, 622, 623, 662, 663], 626: [624, 625, 626], 628: [628, 629, 630, 631], 668: [665, 666, 667, 668, 669, 670, 671, 672], 704: [664, 702, 703, 704, 705, 740, 741, 742], 708: [706, 707, 708, 709, 710, 711, 712], 746: [743, 744, 745, 746, 747, 748, 749, 750]}
{181: [178, 179, 180, 181, 182, 211], 208: [176, 177, 207, 208, 209, 210, 240, 241], 215: [213, 214, 215, 216, 217, 218, 219, 248], 245: [242, 243, 244, 245, 246, 247], 250: [249, 250, 251, 252, 283, 284, 285, 286], 276: [274, 275, 276, 277, 309, 310, 311, 312], 279: [278, 279, 280, 281, 282, 313, 314, 315], 317: [316, 317, 318, 319, 320, 321, 354, 391], 351: [346, 347, 348, 349, 350, 351, 352, 353], 356: [355, 356, 357, 358, 392, 393, 394, 395], 388: [383, 384, 385, 386, 387, 388, 389, 390], 426: [421, 422, 423, 424, 425, 426, 427, 428], 431: [429, 430, 431, 432, 433, 471, 472, 473], 466: [463, 464, 465, 466, 467, 468, 469, 470]}
{14: [10, 11, 12, 13, 14, 15, 16, 17], 34: [5, 6, 7, 8, 32, 33, 34, 35], 41: [38, 39, 40, 41, 42, 43, 44, 45], 46: [18, 19, 20, 21, 46, 47, 48, 49], 63: [9, 36, 37, 60, 61, 62, 63, 64], 68: [65, 66, 67, 68, 69, 70, 71, 72], 96: [93, 94, 95, 96, 97, 98, 99, 100], 102: [73, 74, 75, 76, 77, 101, 102, 103], 118: [88, 89, 90, 91, 116, 117, 118, 119], 124: [121, 122, 123, 124, 125, 126, 127], 149: [92, 120, 145, 146, 147, 148, 149, 150], 153: [151, 152, 153, 154, 155], 158: [128, 129, 130, 131, 157, 158, 159, 160], 186: [156, 184, 185, 186, 187, 188, 189, 190]}
{510: [508, 509, 510, 511, 512, 513, 514, 515], 548: [504, 505, 506, 507, 546, 547, 548, 549], 552: [550, 551, 552, 553, 554, 555, 556, 557], 596: [594, 595, 596, 597, 598, 599, 600, 601], 634: [590, 591, 592, 593, 632, 633, 634, 635], 638: [636, 637, 638, 639, 640, 641, 642, 643], 676: [673, 674, 675, 676, 677, 678, 714, 715], 681: [680, 681, 682, 683, 684], 719: [716, 717, 718, 719, 720, 721, 722, 723], 753: [713, 751, 752, 753, 754, 789, 824, 857], 757: [755, 756, 757, 758, 759, 760, 761], 793: [790, 791, 792, 793, 794, 795, 796, 797], 828: [825, 826, 827, 828, 829, 830, 831, 832], 861: [858, 859, 860, 861, 862, 863, 864, 865]}
{1048: [1044, 1045, 1046, 1047, 1048, 1049, 1050, 1051], 1070: [1066, 1067, 1068, 1069, 1070, 1071, 1072, 1073], 1074: [1052, 1053, 1054, 1074, 1075, 1076, 1095, 1096], 1091: [1087, 1088, 1089, 1090, 1091, 1092, 1093, 1094], 1110: [1106, 1107, 1108, 1109, 1110, 1111, 1112, 1113], 1128: [1124, 1125, 1126, 1127, 1128, 1129, 1130, 1131], 1133: [1097, 1114, 1115, 1116, 1132, 1133, 1134, 1135], 1145: [1141, 1142, 1143, 1144, 1145, 1146, 1147, 1148], 1160: [1157, 1158, 1159, 1160], 1163: [1149, 1162, 1163, 1164, 1165, 1177, 1178, 1179], 1166: [1150, 1151, 1152, 1166, 1167, 1168, 1180, 1181], 1174: [1171, 1172, 1173, 1174, 1175, 1176, 1182, 1183], 1186: [1184, 1185, 1186, 1187, 1188, 1189, 1194, 1195], 1192: [1190, 1191, 1192, 1193, 1196, 1197, 1198, 1199]}
{28: [1, 2, 3, 26, 27, 28, 29, 30], 52: [22, 23, 24, 25, 50, 51, 52, 53], 56: [4, 31, 54, 55, 56, 57, 58, 59], 83: [80, 81, 82, 83, 84, 85, 86, 87], 110: [78, 79, 107, 108, 109, 110, 111, 112], 142: [113, 114, 115, 140, 141, 142, 143, 144], 168: [136, 137, 138, 139, 166, 167, 168, 169], 172: [171, 172, 173, 174, 175], 201: [197, 198, 199, 200, 201, 202, 203, 204], 234: [230, 231, 232, 233, 234, 235, 236], 238: [205, 206, 237, 238, 239, 272, 273, 308], 268: [264, 265, 266, 267, 268, 269, 270, 271], 303: [300, 301, 302, 303, 304, 305, 306, 307], 340: [299, 336, 337, 338, 339, 340, 341, 342]}
{605: [602, 603, 604, 605, 606, 607, 608, 609], 647: [644, 645, 646, 647, 648, 649, 650], 687: [685, 686, 687], 689: [689, 690], 692: [610, 651, 652, 691, 692, 693, 732, 733], 728: [724, 725, 726, 727, 728, 729, 730, 731], 766: [762, 763, 764, 765, 766, 767, 768, 769], 802: [798, 799, 800, 801, 802, 803, 804, 805], 806: [770, 771, 806, 807, 841, 842, 874, 875], 837: [833, 834, 835, 836, 837, 838, 839, 840], 870: [866, 867, 868, 869, 870, 871, 872, 873], 901: [899, 900, 901, 902, 903, 930, 931, 932], 904: [904, 905, 906, 907, 934, 935, 936, 937], 963: [933, 960, 961, 962, 963, 964, 965, 992], 990: [988, 989, 990, 991, 1015, 1016, 1017, 1018]}
{333: [263, 297, 298, 331, 332, 333, 334, 335], 409: [371, 372, 373, 407, 408, 409, 410, 411], 444: [368, 369, 370, 405, 406, 443, 444, 445], 487: [446, 447, 483, 484, 485, 486, 487, 488], 489: [448, 449, 450, 451, 489, 490, 491, 492], 528: [524, 525, 526, 527, 528, 529, 530, 531], 570: [566, 567, 568, 569, 570, 571, 572, 573], 575: [532, 533, 534, 574, 575, 576, 577, 578], 615: [613, 614, 615, 616, 617, 618, 619, 620], 654: [611, 612, 653, 654, 655, 694, 695], 658: [657, 658, 659, 660, 661], 698: [696, 697, 698, 699, 700, 701, 738, 739], 737: [734, 735, 736, 737, 773, 774, 775, 776], 809: [772, 808, 809, 810, 811, 843, 844, 876]}
{781: [777, 778, 779, 780, 781, 782, 783, 784], 816: [812, 813, 814, 815, 816, 817, 818, 819], 821: [785, 786, 787, 788, 820, 821, 822, 823], 849: [845, 846, 847, 848, 849, 850, 851, 852], 881: [877, 878, 879, 880, 881, 882, 883, 884], 886: [853, 854, 855, 856, 885, 886, 887, 888], 912: [908, 909, 910, 911, 912, 913, 914, 915], 942: [938, 939, 940, 941, 942, 943, 944, 945], 947: [916, 917, 918, 919, 946, 947, 948, 949], 969: [966, 967, 968, 969], 973: [972, 973, 974, 975, 976, 977, 1000, 1026], 997: [971, 993, 994, 995, 996, 997, 998, 999], 1002: [1001, 1002, 1003, 1004, 1027, 1028, 1029, 1030], 1023: [1019, 1020, 1021, 1022, 1023, 1024, 1025, 1043]}
{134: [104, 105, 106, 132, 133, 134, 135, 161], 193: [162, 163, 164, 165, 192, 193, 194, 195], 222: [191, 220, 221, 222, 223, 253], 227: [196, 225, 226, 227, 228, 229, 260, 261], 257: [254, 255, 256, 257, 258, 259], 291: [287, 288, 289, 290, 291, 292, 326, 327], 294: [262, 293, 294, 295, 296, 328, 329, 330], 324: [322, 323, 324, 325, 359, 360, 361, 362], 365: [363, 364, 365, 366, 367, 402, 403, 404], 399: [396, 397, 398, 399, 400, 401, 434, 474], 438: [435, 436, 437, 438, 439, 440, 441, 442], 478: [475, 476, 477, 478, 479, 480, 481, 482], 519: [516, 517, 518, 519, 520, 521, 522, 523], 561: [558, 559, 560, 561, 562, 563, 564, 565]}
{893: [889, 890, 891, 892, 893, 894, 895, 896], 924: [920, 921, 922, 923, 924, 925, 926, 927], 954: [950, 951, 952, 953, 954, 955, 956], 958: [897, 898, 928, 929, 957, 958, 959, 986], 982: [980, 981, 982, 983, 984], 1006: [978, 979, 1005, 1006, 1007, 1008, 1031, 1032], 1012: [985, 987, 1010, 1011, 1012, 1013, 1014, 1038], 1035: [1033, 1034, 1035, 1036, 1037, 1059, 1060, 1061], 1039: [1039, 1040, 1041, 1042, 1062, 1063, 1064, 1065], 1057: [1055, 1056, 1057, 1058, 1077, 1078, 1079, 1080], 1083: [1081, 1082, 1083, 1084, 1085, 1086, 1104, 1105], 1101: [1098, 1099, 1100, 1101, 1102, 1103, 1117, 1118], 1121: [1119, 1120, 1121, 1122, 1123, 1138, 1139, 1140], 1154: [1136, 1137, 1153, 1154, 1155, 1156, 1169, 1170]}
